(kicad_pcb (version 20171130) (host pcbnew 5.0.2-bee76a0~70~ubuntu18.04.1)

  (general
    (thickness 1.6)
    (drawings 78)
    (tracks 10)
    (zones 0)
    (modules 192)
    (nets 152)
  )

  (page A4)
  (layers
    (0 F.Cu signal)
    (31 B.Cu signal)
    (32 B.Adhes user)
    (33 F.Adhes user)
    (34 B.Paste user)
    (35 F.Paste user)
    (36 B.SilkS user)
    (37 F.SilkS user)
    (38 B.Mask user)
    (39 F.Mask user)
    (40 Dwgs.User user)
    (41 Cmts.User user)
    (42 Eco1.User user)
    (43 Eco2.User user)
    (44 Edge.Cuts user)
    (45 Margin user)
    (46 B.CrtYd user)
    (47 F.CrtYd user)
    (48 B.Fab user)
    (49 F.Fab user hide)
  )

  (setup
    (last_trace_width 0.25)
    (trace_clearance 0.2)
    (zone_clearance 0.508)
    (zone_45_only no)
    (trace_min 0.2)
    (segment_width 0.2)
    (edge_width 0.15)
    (via_size 0.8)
    (via_drill 0.4)
    (via_min_size 0.4)
    (via_min_drill 0.3)
    (uvia_size 0.3)
    (uvia_drill 0.1)
    (uvias_allowed no)
    (uvia_min_size 0.2)
    (uvia_min_drill 0.1)
    (pcb_text_width 0.3)
    (pcb_text_size 1.5 1.5)
    (mod_edge_width 0.15)
    (mod_text_size 1 1)
    (mod_text_width 0.15)
    (pad_size 1.524 1.524)
    (pad_drill 0.762)
    (pad_to_mask_clearance 0.051)
    (solder_mask_min_width 0.25)
    (aux_axis_origin 0 0)
    (visible_elements FFFFFF7F)
    (pcbplotparams
      (layerselection 0x010fc_ffffffff)
      (usegerberextensions false)
      (usegerberattributes false)
      (usegerberadvancedattributes false)
      (creategerberjobfile false)
      (excludeedgelayer true)
      (linewidth 0.100000)
      (plotframeref false)
      (viasonmask false)
      (mode 1)
      (useauxorigin false)
      (hpglpennumber 1)
      (hpglpenspeed 20)
      (hpglpendiameter 15.000000)
      (psnegative false)
      (psa4output false)
      (plotreference true)
      (plotvalue true)
      (plotinvisibletext false)
      (padsonsilk false)
      (subtractmaskfromsilk false)
      (outputformat 1)
      (mirror false)
      (drillshape 1)
      (scaleselection 1)
      (outputdirectory ""))
  )

  (net 0 "")
  (net 1 GND)
  (net 2 "Net-(T1-Pad3)")
  (net 3 /1V65)
  (net 4 "Net-(T1-Pad5)")
  (net 5 "Net-(C23-Pad1)")
  (net 6 "Net-(R1-Pad2)")
  (net 7 "Net-(C1-Pad1)")
  (net 8 "Net-(C27-Pad1)")
  (net 9 "Net-(C26-Pad1)")
  (net 10 "Net-(C28-Pad2)")
  (net 11 "Net-(C22-Pad1)")
  (net 12 "Net-(C19-Pad1)")
  (net 13 "Net-(C23-Pad2)")
  (net 14 "Net-(C22-Pad2)")
  (net 15 "Net-(C18-Pad1)")
  (net 16 "Net-(R12-Pad1)")
  (net 17 "Net-(R5-Pad2)")
  (net 18 "Net-(R10-Pad2)")
  (net 19 "Net-(R2-Pad2)")
  (net 20 +3V3)
  (net 21 "Net-(R4-Pad2)")
  (net 22 "Net-(C12-Pad1)")
  (net 23 "Net-(R10-Pad1)")
  (net 24 "Net-(R6-Pad2)")
  (net 25 "Net-(L2-Pad2)")
  (net 26 BB_QPH)
  (net 27 BB_IPH)
  (net 28 "Net-(D1-Pad2)")
  (net 29 "Net-(C10-Pad1)")
  (net 30 "Net-(C1-Pad2)")
  (net 31 "Net-(C2-Pad1)")
  (net 32 "Net-(C8-Pad1)")
  (net 33 "Net-(C9-Pad1)")
  (net 34 "Net-(C7-Pad1)")
  (net 35 "Net-(C7-Pad2)")
  (net 36 "Net-(C29-Pad1)")
  (net 37 "Net-(J4-Pad1)")
  (net 38 "Net-(J4-Pad3)")
  (net 39 "Net-(J4-Pad5)")
  (net 40 "Net-(J4-Pad7)")
  (net 41 "Net-(J4-Pad9)")
  (net 42 "Net-(J3-Pad5)")
  (net 43 "Net-(J3-Pad3)")
  (net 44 /ADC_SPI_CLK)
  (net 45 /ADC_SPI_MISO)
  (net 46 /ADC_SPI_CS)
  (net 47 /I2C_LO_SCL)
  (net 48 /I2C_LO_SDA)
  (net 49 "/Power Supply/1V65")
  (net 50 "Net-(D5-Pad2)")
  (net 51 "Net-(D4-Pad2)")
  (net 52 "Net-(D3-Pad2)")
  (net 53 "Net-(D2-Pad2)")
  (net 54 "Net-(R23-Pad2)")
  (net 55 "Net-(R22-Pad2)")
  (net 56 "Net-(R21-Pad2)")
  (net 57 "Net-(R20-Pad2)")
  (net 58 "Net-(U5-Pad1)")
  (net 59 "Net-(U5-Pad2)")
  (net 60 "Net-(U5-Pad3)")
  (net 61 "Net-(U5-Pad4)")
  (net 62 "Net-(U5-Pad7)")
  (net 63 "Net-(U5-Pad10)")
  (net 64 "Net-(U5-Pad15)")
  (net 65 "Net-(U5-Pad17)")
  (net 66 "Net-(U5-Pad18)")
  (net 67 "Net-(U5-Pad19)")
  (net 68 "Net-(U5-Pad20)")
  (net 69 "Net-(U5-Pad21)")
  (net 70 "Net-(U5-Pad22)")
  (net 71 "Net-(U5-Pad23)")
  (net 72 "Net-(U5-Pad24)")
  (net 73 "Net-(U5-Pad25)")
  (net 74 "Net-(U5-Pad26)")
  (net 75 "Net-(U5-Pad27)")
  (net 76 "Net-(U5-Pad28)")
  (net 77 "Net-(R25-Pad1)")
  (net 78 "Net-(R24-Pad2)")
  (net 79 "/Local oscillator/LO_I2C_SCL")
  (net 80 "/Local oscillator/LO_I2C_SDA")
  (net 81 "/Local oscillator/LO_TX_QPH")
  (net 82 "/Local oscillator/LO_TX_IPH")
  (net 83 "/Local oscillator/LO_RX_QPH")
  (net 84 "/Local oscillator/LO_RX_IPH")
  (net 85 "/Local oscillator/LO_TST_RX")
  (net 86 "Net-(U6-Pad1)")
  (net 87 "Net-(U6-Pad2)")
  (net 88 "Net-(U6-Pad15)")
  (net 89 "Net-(U6-Pad16)")
  (net 90 "Net-(U6-Pad17)")
  (net 91 LO_CLK_Q)
  (net 92 LO_CLK_I)
  (net 93 /IOC_INT_INTA)
  (net 94 /IOC_I2C_SCL)
  (net 95 /IOC_I2C_SDA)
  (net 96 /IOC_~RESET)
  (net 97 "Net-(C41-Pad2)")
  (net 98 "Net-(C74-Pad2)")
  (net 99 "Net-(C59-Pad2)")
  (net 100 "Net-(C57-Pad2)")
  (net 101 "Net-(C73-Pad2)")
  (net 102 "Net-(C72-Pad2)")
  (net 103 "Net-(C55-Pad2)")
  (net 104 "Net-(C40-Pad2)")
  (net 105 "Net-(C39-Pad2)")
  (net 106 "Net-(K1-Pad1)")
  (net 107 "Net-(K1-Pad8)")
  (net 108 /Bandfilter/PRE_IN)
  (net 109 "Net-(C42-Pad1)")
  (net 110 /Bandfilter/PRE_OUT)
  (net 111 "Net-(C64-Pad2)")
  (net 112 "Net-(C62-Pad2)")
  (net 113 "Net-(C60-Pad2)")
  (net 114 "Net-(C46-Pad1)")
  (net 115 "Net-(C44-Pad1)")
  (net 116 "Net-(C44-Pad2)")
  (net 117 "Net-(C46-Pad2)")
  (net 118 "Net-(C54-Pad1)")
  (net 119 "Net-(C56-Pad1)")
  (net 120 "Net-(C87-Pad2)")
  (net 121 "Net-(C81-Pad2)")
  (net 122 "Net-(C58-Pad1)")
  (net 123 "Net-(C83-Pad2)")
  (net 124 "Net-(C82-Pad2)")
  (net 125 "Net-(C89-Pad2)")
  (net 126 "Net-(C88-Pad2)")
  (net 127 /Bandfilter/BPF_EN_80M)
  (net 128 /Bandfilter/BPF_EN_40M)
  (net 129 /Bandfilter/BPF_EN_20M)
  (net 130 "Net-(C42-Pad2)")
  (net 131 "Net-(K3-Pad8)")
  (net 132 /Bandfilter/LPF_20M_IN)
  (net 133 /Bandfilter/LPF_IN)
  (net 134 /Bandfilter/LPF_OUT)
  (net 135 /Bandfilter/LPF_20M_OUT)
  (net 136 "Net-(K3-Pad1)")
  (net 137 /Bandfilter/LPF_80M_OUT)
  (net 138 "Net-(K2-Pad8)")
  (net 139 /Bandfilter/LPF_40M_OUT)
  (net 140 "Net-(K2-Pad1)")
  (net 141 /Bandfilter/LPF_80M_IN)
  (net 142 /Bandfilter/LPF_40M_IN)
  (net 143 "Net-(T1-Pad1)")
  (net 144 "Net-(K4-Pad8)")
  (net 145 "Net-(K4-Pad1)")
  (net 146 "Net-(U7-Pad1)")
  (net 147 "Net-(U7-Pad2)")
  (net 148 "Net-(U7-Pad3)")
  (net 149 "Net-(U8-Pad1)")
  (net 150 "Net-(U8-Pad2)")
  (net 151 "Net-(U8-Pad3)")

  (net_class Default "This is the default net class."
    (clearance 0.2)
    (trace_width 0.25)
    (via_dia 0.8)
    (via_drill 0.4)
    (uvia_dia 0.3)
    (uvia_drill 0.1)
    (add_net +3V3)
    (add_net /1V65)
    (add_net /ADC_SPI_CLK)
    (add_net /ADC_SPI_CS)
    (add_net /ADC_SPI_MISO)
    (add_net /Bandfilter/BPF_EN_20M)
    (add_net /Bandfilter/BPF_EN_40M)
    (add_net /Bandfilter/BPF_EN_80M)
    (add_net /Bandfilter/LPF_20M_IN)
    (add_net /Bandfilter/LPF_20M_OUT)
    (add_net /Bandfilter/LPF_40M_IN)
    (add_net /Bandfilter/LPF_40M_OUT)
    (add_net /Bandfilter/LPF_80M_IN)
    (add_net /Bandfilter/LPF_80M_OUT)
    (add_net /Bandfilter/LPF_IN)
    (add_net /Bandfilter/LPF_OUT)
    (add_net /Bandfilter/PRE_IN)
    (add_net /Bandfilter/PRE_OUT)
    (add_net /I2C_LO_SCL)
    (add_net /I2C_LO_SDA)
    (add_net /IOC_I2C_SCL)
    (add_net /IOC_I2C_SDA)
    (add_net /IOC_INT_INTA)
    (add_net /IOC_~RESET)
    (add_net "/Local oscillator/LO_I2C_SCL")
    (add_net "/Local oscillator/LO_I2C_SDA")
    (add_net "/Local oscillator/LO_RX_IPH")
    (add_net "/Local oscillator/LO_RX_QPH")
    (add_net "/Local oscillator/LO_TST_RX")
    (add_net "/Local oscillator/LO_TX_IPH")
    (add_net "/Local oscillator/LO_TX_QPH")
    (add_net "/Power Supply/1V65")
    (add_net BB_IPH)
    (add_net BB_QPH)
    (add_net GND)
    (add_net LO_CLK_I)
    (add_net LO_CLK_Q)
    (add_net "Net-(C1-Pad1)")
    (add_net "Net-(C1-Pad2)")
    (add_net "Net-(C10-Pad1)")
    (add_net "Net-(C12-Pad1)")
    (add_net "Net-(C18-Pad1)")
    (add_net "Net-(C19-Pad1)")
    (add_net "Net-(C2-Pad1)")
    (add_net "Net-(C22-Pad1)")
    (add_net "Net-(C22-Pad2)")
    (add_net "Net-(C23-Pad1)")
    (add_net "Net-(C23-Pad2)")
    (add_net "Net-(C26-Pad1)")
    (add_net "Net-(C27-Pad1)")
    (add_net "Net-(C28-Pad2)")
    (add_net "Net-(C29-Pad1)")
    (add_net "Net-(C39-Pad2)")
    (add_net "Net-(C40-Pad2)")
    (add_net "Net-(C41-Pad2)")
    (add_net "Net-(C42-Pad1)")
    (add_net "Net-(C42-Pad2)")
    (add_net "Net-(C44-Pad1)")
    (add_net "Net-(C44-Pad2)")
    (add_net "Net-(C46-Pad1)")
    (add_net "Net-(C46-Pad2)")
    (add_net "Net-(C54-Pad1)")
    (add_net "Net-(C55-Pad2)")
    (add_net "Net-(C56-Pad1)")
    (add_net "Net-(C57-Pad2)")
    (add_net "Net-(C58-Pad1)")
    (add_net "Net-(C59-Pad2)")
    (add_net "Net-(C60-Pad2)")
    (add_net "Net-(C62-Pad2)")
    (add_net "Net-(C64-Pad2)")
    (add_net "Net-(C7-Pad1)")
    (add_net "Net-(C7-Pad2)")
    (add_net "Net-(C72-Pad2)")
    (add_net "Net-(C73-Pad2)")
    (add_net "Net-(C74-Pad2)")
    (add_net "Net-(C8-Pad1)")
    (add_net "Net-(C81-Pad2)")
    (add_net "Net-(C82-Pad2)")
    (add_net "Net-(C83-Pad2)")
    (add_net "Net-(C87-Pad2)")
    (add_net "Net-(C88-Pad2)")
    (add_net "Net-(C89-Pad2)")
    (add_net "Net-(C9-Pad1)")
    (add_net "Net-(D1-Pad2)")
    (add_net "Net-(D2-Pad2)")
    (add_net "Net-(D3-Pad2)")
    (add_net "Net-(D4-Pad2)")
    (add_net "Net-(D5-Pad2)")
    (add_net "Net-(J3-Pad3)")
    (add_net "Net-(J3-Pad5)")
    (add_net "Net-(J4-Pad1)")
    (add_net "Net-(J4-Pad3)")
    (add_net "Net-(J4-Pad5)")
    (add_net "Net-(J4-Pad7)")
    (add_net "Net-(J4-Pad9)")
    (add_net "Net-(K1-Pad1)")
    (add_net "Net-(K1-Pad8)")
    (add_net "Net-(K2-Pad1)")
    (add_net "Net-(K2-Pad8)")
    (add_net "Net-(K3-Pad1)")
    (add_net "Net-(K3-Pad8)")
    (add_net "Net-(K4-Pad1)")
    (add_net "Net-(K4-Pad8)")
    (add_net "Net-(L2-Pad2)")
    (add_net "Net-(R1-Pad2)")
    (add_net "Net-(R10-Pad1)")
    (add_net "Net-(R10-Pad2)")
    (add_net "Net-(R12-Pad1)")
    (add_net "Net-(R2-Pad2)")
    (add_net "Net-(R20-Pad2)")
    (add_net "Net-(R21-Pad2)")
    (add_net "Net-(R22-Pad2)")
    (add_net "Net-(R23-Pad2)")
    (add_net "Net-(R24-Pad2)")
    (add_net "Net-(R25-Pad1)")
    (add_net "Net-(R4-Pad2)")
    (add_net "Net-(R5-Pad2)")
    (add_net "Net-(R6-Pad2)")
    (add_net "Net-(T1-Pad1)")
    (add_net "Net-(T1-Pad3)")
    (add_net "Net-(T1-Pad5)")
    (add_net "Net-(U5-Pad1)")
    (add_net "Net-(U5-Pad10)")
    (add_net "Net-(U5-Pad15)")
    (add_net "Net-(U5-Pad17)")
    (add_net "Net-(U5-Pad18)")
    (add_net "Net-(U5-Pad19)")
    (add_net "Net-(U5-Pad2)")
    (add_net "Net-(U5-Pad20)")
    (add_net "Net-(U5-Pad21)")
    (add_net "Net-(U5-Pad22)")
    (add_net "Net-(U5-Pad23)")
    (add_net "Net-(U5-Pad24)")
    (add_net "Net-(U5-Pad25)")
    (add_net "Net-(U5-Pad26)")
    (add_net "Net-(U5-Pad27)")
    (add_net "Net-(U5-Pad28)")
    (add_net "Net-(U5-Pad3)")
    (add_net "Net-(U5-Pad4)")
    (add_net "Net-(U5-Pad7)")
    (add_net "Net-(U6-Pad1)")
    (add_net "Net-(U6-Pad15)")
    (add_net "Net-(U6-Pad16)")
    (add_net "Net-(U6-Pad17)")
    (add_net "Net-(U6-Pad2)")
    (add_net "Net-(U7-Pad1)")
    (add_net "Net-(U7-Pad2)")
    (add_net "Net-(U7-Pad3)")
    (add_net "Net-(U8-Pad1)")
    (add_net "Net-(U8-Pad2)")
    (add_net "Net-(U8-Pad3)")
  )

  (module Package_TO_SOT_THT:TO-220-3_Horizontal_TabDown (layer F.Cu) (tedit 5AC8BA0D) (tstamp 5CCBC2EB)
    (at 5 -51)
    (descr "TO-220-3, Horizontal, RM 2.54mm, see https://www.vishay.com/docs/66542/to-220-1.pdf")
    (tags "TO-220-3 Horizontal RM 2.54mm")
    (path /5DF9A3F7)
    (fp_text reference U8 (at 2.54 -20.58) (layer F.SilkS)
      (effects (font (size 1 1) (thickness 0.15)))
    )
    (fp_text value LM79M12_TO220 (at 2.54 2) (layer F.Fab)
      (effects (font (size 1 1) (thickness 0.15)))
    )
    (fp_circle (center 2.54 -16.66) (end 4.39 -16.66) (layer F.Fab) (width 0.1))
    (fp_line (start -2.46 -13.06) (end -2.46 -19.46) (layer F.Fab) (width 0.1))
    (fp_line (start -2.46 -19.46) (end 7.54 -19.46) (layer F.Fab) (width 0.1))
    (fp_line (start 7.54 -19.46) (end 7.54 -13.06) (layer F.Fab) (width 0.1))
    (fp_line (start 7.54 -13.06) (end -2.46 -13.06) (layer F.Fab) (width 0.1))
    (fp_line (start -2.46 -3.81) (end -2.46 -13.06) (layer F.Fab) (width 0.1))
    (fp_line (start -2.46 -13.06) (end 7.54 -13.06) (layer F.Fab) (width 0.1))
    (fp_line (start 7.54 -13.06) (end 7.54 -3.81) (layer F.Fab) (width 0.1))
    (fp_line (start 7.54 -3.81) (end -2.46 -3.81) (layer F.Fab) (width 0.1))
    (fp_line (start 0 -3.81) (end 0 0) (layer F.Fab) (width 0.1))
    (fp_line (start 2.54 -3.81) (end 2.54 0) (layer F.Fab) (width 0.1))
    (fp_line (start 5.08 -3.81) (end 5.08 0) (layer F.Fab) (width 0.1))
    (fp_line (start -2.58 -3.69) (end 7.66 -3.69) (layer F.SilkS) (width 0.12))
    (fp_line (start -2.58 -19.58) (end 7.66 -19.58) (layer F.SilkS) (width 0.12))
    (fp_line (start -2.58 -19.58) (end -2.58 -3.69) (layer F.SilkS) (width 0.12))
    (fp_line (start 7.66 -19.58) (end 7.66 -3.69) (layer F.SilkS) (width 0.12))
    (fp_line (start 0 -3.69) (end 0 -1.15) (layer F.SilkS) (width 0.12))
    (fp_line (start 2.54 -3.69) (end 2.54 -1.15) (layer F.SilkS) (width 0.12))
    (fp_line (start 5.08 -3.69) (end 5.08 -1.15) (layer F.SilkS) (width 0.12))
    (fp_line (start -2.71 -19.71) (end -2.71 1.25) (layer F.CrtYd) (width 0.05))
    (fp_line (start -2.71 1.25) (end 7.79 1.25) (layer F.CrtYd) (width 0.05))
    (fp_line (start 7.79 1.25) (end 7.79 -19.71) (layer F.CrtYd) (width 0.05))
    (fp_line (start 7.79 -19.71) (end -2.71 -19.71) (layer F.CrtYd) (width 0.05))
    (fp_text user %R (at 2.54 -20.58) (layer F.Fab)
      (effects (font (size 1 1) (thickness 0.15)))
    )
    (pad "" np_thru_hole oval (at 2.54 -16.66) (size 3.5 3.5) (drill 3.5) (layers *.Cu *.Mask))
    (pad 1 thru_hole rect (at 0 0) (size 1.905 2) (drill 1.1) (layers *.Cu *.Mask)
      (net 149 "Net-(U8-Pad1)"))
    (pad 2 thru_hole oval (at 2.54 0) (size 1.905 2) (drill 1.1) (layers *.Cu *.Mask)
      (net 150 "Net-(U8-Pad2)"))
    (pad 3 thru_hole oval (at 5.08 0) (size 1.905 2) (drill 1.1) (layers *.Cu *.Mask)
      (net 151 "Net-(U8-Pad3)"))
    (model ${KISYS3DMOD}/Package_TO_SOT_THT.3dshapes/TO-220-3_Horizontal_TabDown.wrl
      (at (xyz 0 0 0))
      (scale (xyz 1 1 1))
      (rotate (xyz 0 0 0))
    )
  )

  (module Package_TO_SOT_THT:TO-220-3_Horizontal_TabDown (layer F.Cu) (tedit 5AC8BA0D) (tstamp 5CCB74EB)
    (at -8.264999 -50.574999)
    (descr "TO-220-3, Horizontal, RM 2.54mm, see https://www.vishay.com/docs/66542/to-220-1.pdf")
    (tags "TO-220-3 Horizontal RM 2.54mm")
    (path /5DF9A0FF)
    (fp_text reference U7 (at 2.54 -20.58) (layer F.SilkS)
      (effects (font (size 1 1) (thickness 0.15)))
    )
    (fp_text value LM79M12_TO220 (at 2.54 2) (layer F.Fab)
      (effects (font (size 1 1) (thickness 0.15)))
    )
    (fp_circle (center 2.54 -16.66) (end 4.39 -16.66) (layer F.Fab) (width 0.1))
    (fp_line (start -2.46 -13.06) (end -2.46 -19.46) (layer F.Fab) (width 0.1))
    (fp_line (start -2.46 -19.46) (end 7.54 -19.46) (layer F.Fab) (width 0.1))
    (fp_line (start 7.54 -19.46) (end 7.54 -13.06) (layer F.Fab) (width 0.1))
    (fp_line (start 7.54 -13.06) (end -2.46 -13.06) (layer F.Fab) (width 0.1))
    (fp_line (start -2.46 -3.81) (end -2.46 -13.06) (layer F.Fab) (width 0.1))
    (fp_line (start -2.46 -13.06) (end 7.54 -13.06) (layer F.Fab) (width 0.1))
    (fp_line (start 7.54 -13.06) (end 7.54 -3.81) (layer F.Fab) (width 0.1))
    (fp_line (start 7.54 -3.81) (end -2.46 -3.81) (layer F.Fab) (width 0.1))
    (fp_line (start 0 -3.81) (end 0 0) (layer F.Fab) (width 0.1))
    (fp_line (start 2.54 -3.81) (end 2.54 0) (layer F.Fab) (width 0.1))
    (fp_line (start 5.08 -3.81) (end 5.08 0) (layer F.Fab) (width 0.1))
    (fp_line (start -2.58 -3.69) (end 7.66 -3.69) (layer F.SilkS) (width 0.12))
    (fp_line (start -2.58 -19.58) (end 7.66 -19.58) (layer F.SilkS) (width 0.12))
    (fp_line (start -2.58 -19.58) (end -2.58 -3.69) (layer F.SilkS) (width 0.12))
    (fp_line (start 7.66 -19.58) (end 7.66 -3.69) (layer F.SilkS) (width 0.12))
    (fp_line (start 0 -3.69) (end 0 -1.15) (layer F.SilkS) (width 0.12))
    (fp_line (start 2.54 -3.69) (end 2.54 -1.15) (layer F.SilkS) (width 0.12))
    (fp_line (start 5.08 -3.69) (end 5.08 -1.15) (layer F.SilkS) (width 0.12))
    (fp_line (start -2.71 -19.71) (end -2.71 1.25) (layer F.CrtYd) (width 0.05))
    (fp_line (start -2.71 1.25) (end 7.79 1.25) (layer F.CrtYd) (width 0.05))
    (fp_line (start 7.79 1.25) (end 7.79 -19.71) (layer F.CrtYd) (width 0.05))
    (fp_line (start 7.79 -19.71) (end -2.71 -19.71) (layer F.CrtYd) (width 0.05))
    (fp_text user %R (at 2.54 -20.58) (layer F.Fab)
      (effects (font (size 1 1) (thickness 0.15)))
    )
    (pad "" np_thru_hole oval (at 2.54 -16.66) (size 3.5 3.5) (drill 3.5) (layers *.Cu *.Mask))
    (pad 1 thru_hole rect (at 0 0) (size 1.905 2) (drill 1.1) (layers *.Cu *.Mask)
      (net 146 "Net-(U7-Pad1)"))
    (pad 2 thru_hole oval (at 2.54 0) (size 1.905 2) (drill 1.1) (layers *.Cu *.Mask)
      (net 147 "Net-(U7-Pad2)"))
    (pad 3 thru_hole oval (at 5.08 0) (size 1.905 2) (drill 1.1) (layers *.Cu *.Mask)
      (net 148 "Net-(U7-Pad3)"))
    (model ${KISYS3DMOD}/Package_TO_SOT_THT.3dshapes/TO-220-3_Horizontal_TabDown.wrl
      (at (xyz 0 0 0))
      (scale (xyz 1 1 1))
      (rotate (xyz 0 0 0))
    )
  )

  (module Capacitor_SMD:C_0805_2012Metric (layer F.Cu) (tedit 5B36C52B) (tstamp 5CC83FEA)
    (at 20 31 270)
    (descr "Capacitor SMD 0805 (2012 Metric), square (rectangular) end terminal, IPC_7351 nominal, (Body size source: https://docs.google.com/spreadsheets/d/1BsfQQcO9C6DZCsRaXUlFlo91Tg2WpOkGARC1WS5S8t0/edit?usp=sharing), generated with kicad-footprint-generator")
    (tags capacitor)
    (path /5D0BACC7/5D0D956B)
    (attr smd)
    (fp_text reference C17 (at 3 0 270) (layer F.SilkS)
      (effects (font (size 1 1) (thickness 0.15)))
    )
    (fp_text value 4u7 (at 0 1.65 270) (layer F.Fab)
      (effects (font (size 1 1) (thickness 0.15)))
    )
    (fp_text user %R (at 0 0 270) (layer F.Fab)
      (effects (font (size 0.5 0.5) (thickness 0.08)))
    )
    (fp_line (start 1.68 0.95) (end -1.68 0.95) (layer F.CrtYd) (width 0.05))
    (fp_line (start 1.68 -0.95) (end 1.68 0.95) (layer F.CrtYd) (width 0.05))
    (fp_line (start -1.68 -0.95) (end 1.68 -0.95) (layer F.CrtYd) (width 0.05))
    (fp_line (start -1.68 0.95) (end -1.68 -0.95) (layer F.CrtYd) (width 0.05))
    (fp_line (start -0.258578 0.71) (end 0.258578 0.71) (layer F.SilkS) (width 0.12))
    (fp_line (start -0.258578 -0.71) (end 0.258578 -0.71) (layer F.SilkS) (width 0.12))
    (fp_line (start 1 0.6) (end -1 0.6) (layer F.Fab) (width 0.1))
    (fp_line (start 1 -0.6) (end 1 0.6) (layer F.Fab) (width 0.1))
    (fp_line (start -1 -0.6) (end 1 -0.6) (layer F.Fab) (width 0.1))
    (fp_line (start -1 0.6) (end -1 -0.6) (layer F.Fab) (width 0.1))
    (pad 2 smd roundrect (at 0.9375 0 270) (size 0.975 1.4) (layers F.Cu F.Paste F.Mask) (roundrect_rratio 0.25)
      (net 1 GND))
    (pad 1 smd roundrect (at -0.9375 0 270) (size 0.975 1.4) (layers F.Cu F.Paste F.Mask) (roundrect_rratio 0.25)
      (net 49 "/Power Supply/1V65"))
    (model ${KISYS3DMOD}/Capacitor_SMD.3dshapes/C_0805_2012Metric.wrl
      (at (xyz 0 0 0))
      (scale (xyz 1 1 1))
      (rotate (xyz 0 0 0))
    )
  )

  (module Resistor_SMD:R_0805_2012Metric (layer F.Cu) (tedit 5B36C52B) (tstamp 5CC83FBA)
    (at 16 31 90)
    (descr "Resistor SMD 0805 (2012 Metric), square (rectangular) end terminal, IPC_7351 nominal, (Body size source: https://docs.google.com/spreadsheets/d/1BsfQQcO9C6DZCsRaXUlFlo91Tg2WpOkGARC1WS5S8t0/edit?usp=sharing), generated with kicad-footprint-generator")
    (tags resistor)
    (path /5D0BACC7/5D0D9575)
    (attr smd)
    (fp_text reference R11 (at -3 0 90) (layer F.SilkS)
      (effects (font (size 1 1) (thickness 0.15)))
    )
    (fp_text value 10k (at 0 1.65 90) (layer F.Fab)
      (effects (font (size 1 1) (thickness 0.15)))
    )
    (fp_line (start -1 0.6) (end -1 -0.6) (layer F.Fab) (width 0.1))
    (fp_line (start -1 -0.6) (end 1 -0.6) (layer F.Fab) (width 0.1))
    (fp_line (start 1 -0.6) (end 1 0.6) (layer F.Fab) (width 0.1))
    (fp_line (start 1 0.6) (end -1 0.6) (layer F.Fab) (width 0.1))
    (fp_line (start -0.258578 -0.71) (end 0.258578 -0.71) (layer F.SilkS) (width 0.12))
    (fp_line (start -0.258578 0.71) (end 0.258578 0.71) (layer F.SilkS) (width 0.12))
    (fp_line (start -1.68 0.95) (end -1.68 -0.95) (layer F.CrtYd) (width 0.05))
    (fp_line (start -1.68 -0.95) (end 1.68 -0.95) (layer F.CrtYd) (width 0.05))
    (fp_line (start 1.68 -0.95) (end 1.68 0.95) (layer F.CrtYd) (width 0.05))
    (fp_line (start 1.68 0.95) (end -1.68 0.95) (layer F.CrtYd) (width 0.05))
    (fp_text user %R (at 0 0 90) (layer F.Fab)
      (effects (font (size 0.5 0.5) (thickness 0.08)))
    )
    (pad 1 smd roundrect (at -0.9375 0 90) (size 0.975 1.4) (layers F.Cu F.Paste F.Mask) (roundrect_rratio 0.25)
      (net 1 GND))
    (pad 2 smd roundrect (at 0.9375 0 90) (size 0.975 1.4) (layers F.Cu F.Paste F.Mask) (roundrect_rratio 0.25)
      (net 49 "/Power Supply/1V65"))
    (model ${KISYS3DMOD}/Resistor_SMD.3dshapes/R_0805_2012Metric.wrl
      (at (xyz 0 0 0))
      (scale (xyz 1 1 1))
      (rotate (xyz 0 0 0))
    )
  )

  (module Capacitor_SMD:C_0805_2012Metric (layer F.Cu) (tedit 5B36C52B) (tstamp 5CC83F8A)
    (at 14 31 270)
    (descr "Capacitor SMD 0805 (2012 Metric), square (rectangular) end terminal, IPC_7351 nominal, (Body size source: https://docs.google.com/spreadsheets/d/1BsfQQcO9C6DZCsRaXUlFlo91Tg2WpOkGARC1WS5S8t0/edit?usp=sharing), generated with kicad-footprint-generator")
    (tags capacitor)
    (path /5D0BACC7/5D0D9609)
    (attr smd)
    (fp_text reference C21 (at 0 -1.65 270) (layer F.SilkS)
      (effects (font (size 1 1) (thickness 0.15)))
    )
    (fp_text value 100n (at 0 1.65 270) (layer F.Fab)
      (effects (font (size 1 1) (thickness 0.15)))
    )
    (fp_line (start -1 0.6) (end -1 -0.6) (layer F.Fab) (width 0.1))
    (fp_line (start -1 -0.6) (end 1 -0.6) (layer F.Fab) (width 0.1))
    (fp_line (start 1 -0.6) (end 1 0.6) (layer F.Fab) (width 0.1))
    (fp_line (start 1 0.6) (end -1 0.6) (layer F.Fab) (width 0.1))
    (fp_line (start -0.258578 -0.71) (end 0.258578 -0.71) (layer F.SilkS) (width 0.12))
    (fp_line (start -0.258578 0.71) (end 0.258578 0.71) (layer F.SilkS) (width 0.12))
    (fp_line (start -1.68 0.95) (end -1.68 -0.95) (layer F.CrtYd) (width 0.05))
    (fp_line (start -1.68 -0.95) (end 1.68 -0.95) (layer F.CrtYd) (width 0.05))
    (fp_line (start 1.68 -0.95) (end 1.68 0.95) (layer F.CrtYd) (width 0.05))
    (fp_line (start 1.68 0.95) (end -1.68 0.95) (layer F.CrtYd) (width 0.05))
    (fp_text user %R (at 0 0 270) (layer F.Fab)
      (effects (font (size 0.5 0.5) (thickness 0.08)))
    )
    (pad 1 smd roundrect (at -0.9375 0 270) (size 0.975 1.4) (layers F.Cu F.Paste F.Mask) (roundrect_rratio 0.25)
      (net 49 "/Power Supply/1V65"))
    (pad 2 smd roundrect (at 0.9375 0 270) (size 0.975 1.4) (layers F.Cu F.Paste F.Mask) (roundrect_rratio 0.25)
      (net 1 GND))
    (model ${KISYS3DMOD}/Capacitor_SMD.3dshapes/C_0805_2012Metric.wrl
      (at (xyz 0 0 0))
      (scale (xyz 1 1 1))
      (rotate (xyz 0 0 0))
    )
  )

  (module Capacitor_SMD:C_0805_2012Metric (layer F.Cu) (tedit 5B36C52B) (tstamp 5CC83F5A)
    (at 18 31 270)
    (descr "Capacitor SMD 0805 (2012 Metric), square (rectangular) end terminal, IPC_7351 nominal, (Body size source: https://docs.google.com/spreadsheets/d/1BsfQQcO9C6DZCsRaXUlFlo91Tg2WpOkGARC1WS5S8t0/edit?usp=sharing), generated with kicad-footprint-generator")
    (tags capacitor)
    (path /5D0BACC7/5D0D9545)
    (attr smd)
    (fp_text reference C20 (at 3 0 270) (layer F.SilkS)
      (effects (font (size 1 1) (thickness 0.15)))
    )
    (fp_text value 100n (at 0 1.65 270) (layer F.Fab)
      (effects (font (size 1 1) (thickness 0.15)))
    )
    (fp_line (start -1 0.6) (end -1 -0.6) (layer F.Fab) (width 0.1))
    (fp_line (start -1 -0.6) (end 1 -0.6) (layer F.Fab) (width 0.1))
    (fp_line (start 1 -0.6) (end 1 0.6) (layer F.Fab) (width 0.1))
    (fp_line (start 1 0.6) (end -1 0.6) (layer F.Fab) (width 0.1))
    (fp_line (start -0.258578 -0.71) (end 0.258578 -0.71) (layer F.SilkS) (width 0.12))
    (fp_line (start -0.258578 0.71) (end 0.258578 0.71) (layer F.SilkS) (width 0.12))
    (fp_line (start -1.68 0.95) (end -1.68 -0.95) (layer F.CrtYd) (width 0.05))
    (fp_line (start -1.68 -0.95) (end 1.68 -0.95) (layer F.CrtYd) (width 0.05))
    (fp_line (start 1.68 -0.95) (end 1.68 0.95) (layer F.CrtYd) (width 0.05))
    (fp_line (start 1.68 0.95) (end -1.68 0.95) (layer F.CrtYd) (width 0.05))
    (fp_text user %R (at 0 0 270) (layer F.Fab)
      (effects (font (size 0.5 0.5) (thickness 0.08)))
    )
    (pad 1 smd roundrect (at -0.9375 0 270) (size 0.975 1.4) (layers F.Cu F.Paste F.Mask) (roundrect_rratio 0.25)
      (net 49 "/Power Supply/1V65"))
    (pad 2 smd roundrect (at 0.9375 0 270) (size 0.975 1.4) (layers F.Cu F.Paste F.Mask) (roundrect_rratio 0.25)
      (net 1 GND))
    (model ${KISYS3DMOD}/Capacitor_SMD.3dshapes/C_0805_2012Metric.wrl
      (at (xyz 0 0 0))
      (scale (xyz 1 1 1))
      (rotate (xyz 0 0 0))
    )
  )

  (module Capacitor_SMD:C_0805_2012Metric (layer F.Cu) (tedit 5B36C52B) (tstamp 5CC83F2A)
    (at 22 28 270)
    (descr "Capacitor SMD 0805 (2012 Metric), square (rectangular) end terminal, IPC_7351 nominal, (Body size source: https://docs.google.com/spreadsheets/d/1BsfQQcO9C6DZCsRaXUlFlo91Tg2WpOkGARC1WS5S8t0/edit?usp=sharing), generated with kicad-footprint-generator")
    (tags capacitor)
    (path /5D0BACC7/5D0D954C)
    (attr smd)
    (fp_text reference C16 (at 4 0 270) (layer F.SilkS)
      (effects (font (size 1 1) (thickness 0.15)))
    )
    (fp_text value 4u7 (at 0 1.65 270) (layer F.Fab)
      (effects (font (size 1 1) (thickness 0.15)))
    )
    (fp_line (start -1 0.6) (end -1 -0.6) (layer F.Fab) (width 0.1))
    (fp_line (start -1 -0.6) (end 1 -0.6) (layer F.Fab) (width 0.1))
    (fp_line (start 1 -0.6) (end 1 0.6) (layer F.Fab) (width 0.1))
    (fp_line (start 1 0.6) (end -1 0.6) (layer F.Fab) (width 0.1))
    (fp_line (start -0.258578 -0.71) (end 0.258578 -0.71) (layer F.SilkS) (width 0.12))
    (fp_line (start -0.258578 0.71) (end 0.258578 0.71) (layer F.SilkS) (width 0.12))
    (fp_line (start -1.68 0.95) (end -1.68 -0.95) (layer F.CrtYd) (width 0.05))
    (fp_line (start -1.68 -0.95) (end 1.68 -0.95) (layer F.CrtYd) (width 0.05))
    (fp_line (start 1.68 -0.95) (end 1.68 0.95) (layer F.CrtYd) (width 0.05))
    (fp_line (start 1.68 0.95) (end -1.68 0.95) (layer F.CrtYd) (width 0.05))
    (fp_text user %R (at 0 0 270) (layer F.Fab)
      (effects (font (size 0.5 0.5) (thickness 0.08)))
    )
    (pad 1 smd roundrect (at -0.9375 0 270) (size 0.975 1.4) (layers F.Cu F.Paste F.Mask) (roundrect_rratio 0.25)
      (net 49 "/Power Supply/1V65"))
    (pad 2 smd roundrect (at 0.9375 0 270) (size 0.975 1.4) (layers F.Cu F.Paste F.Mask) (roundrect_rratio 0.25)
      (net 1 GND))
    (model ${KISYS3DMOD}/Capacitor_SMD.3dshapes/C_0805_2012Metric.wrl
      (at (xyz 0 0 0))
      (scale (xyz 1 1 1))
      (rotate (xyz 0 0 0))
    )
  )

  (module Inductor_SMD:L_0805_2012Metric (layer F.Cu) (tedit 5B36C52B) (tstamp 5CC83EFA)
    (at 10 31 270)
    (descr "Inductor SMD 0805 (2012 Metric), square (rectangular) end terminal, IPC_7351 nominal, (Body size source: https://docs.google.com/spreadsheets/d/1BsfQQcO9C6DZCsRaXUlFlo91Tg2WpOkGARC1WS5S8t0/edit?usp=sharing), generated with kicad-footprint-generator")
    (tags inductor)
    (path /5D0BACC7/5D0D9590)
    (attr smd)
    (fp_text reference L2 (at 3 -0.136361 270) (layer F.SilkS)
      (effects (font (size 1 1) (thickness 0.15)))
    )
    (fp_text value 33u (at 0 1.65 270) (layer F.Fab)
      (effects (font (size 1 1) (thickness 0.15)))
    )
    (fp_line (start -1 0.6) (end -1 -0.6) (layer F.Fab) (width 0.1))
    (fp_line (start -1 -0.6) (end 1 -0.6) (layer F.Fab) (width 0.1))
    (fp_line (start 1 -0.6) (end 1 0.6) (layer F.Fab) (width 0.1))
    (fp_line (start 1 0.6) (end -1 0.6) (layer F.Fab) (width 0.1))
    (fp_line (start -0.258578 -0.71) (end 0.258578 -0.71) (layer F.SilkS) (width 0.12))
    (fp_line (start -0.258578 0.71) (end 0.258578 0.71) (layer F.SilkS) (width 0.12))
    (fp_line (start -1.68 0.95) (end -1.68 -0.95) (layer F.CrtYd) (width 0.05))
    (fp_line (start -1.68 -0.95) (end 1.68 -0.95) (layer F.CrtYd) (width 0.05))
    (fp_line (start 1.68 -0.95) (end 1.68 0.95) (layer F.CrtYd) (width 0.05))
    (fp_line (start 1.68 0.95) (end -1.68 0.95) (layer F.CrtYd) (width 0.05))
    (fp_text user %R (at 0 0 270) (layer F.Fab)
      (effects (font (size 0.5 0.5) (thickness 0.08)))
    )
    (pad 1 smd roundrect (at -0.9375 0 270) (size 0.975 1.4) (layers F.Cu F.Paste F.Mask) (roundrect_rratio 0.25)
      (net 20 +3V3))
    (pad 2 smd roundrect (at 0.9375 0 270) (size 0.975 1.4) (layers F.Cu F.Paste F.Mask) (roundrect_rratio 0.25)
      (net 25 "Net-(L2-Pad2)"))
    (model ${KISYS3DMOD}/Inductor_SMD.3dshapes/L_0805_2012Metric.wrl
      (at (xyz 0 0 0))
      (scale (xyz 1 1 1))
      (rotate (xyz 0 0 0))
    )
  )

  (module Resistor_SMD:R_0805_2012Metric (layer F.Cu) (tedit 5B36C52B) (tstamp 5CC83ECA)
    (at 12 31 270)
    (descr "Resistor SMD 0805 (2012 Metric), square (rectangular) end terminal, IPC_7351 nominal, (Body size source: https://docs.google.com/spreadsheets/d/1BsfQQcO9C6DZCsRaXUlFlo91Tg2WpOkGARC1WS5S8t0/edit?usp=sharing), generated with kicad-footprint-generator")
    (tags resistor)
    (path /5D0BACC7/5D0D9586)
    (attr smd)
    (fp_text reference R8 (at 3 0 270) (layer F.SilkS)
      (effects (font (size 1 1) (thickness 0.15)))
    )
    (fp_text value 10k (at 0 1.65 270) (layer F.Fab)
      (effects (font (size 1 1) (thickness 0.15)))
    )
    (fp_text user %R (at 0 0 270) (layer F.Fab)
      (effects (font (size 0.5 0.5) (thickness 0.08)))
    )
    (fp_line (start 1.68 0.95) (end -1.68 0.95) (layer F.CrtYd) (width 0.05))
    (fp_line (start 1.68 -0.95) (end 1.68 0.95) (layer F.CrtYd) (width 0.05))
    (fp_line (start -1.68 -0.95) (end 1.68 -0.95) (layer F.CrtYd) (width 0.05))
    (fp_line (start -1.68 0.95) (end -1.68 -0.95) (layer F.CrtYd) (width 0.05))
    (fp_line (start -0.258578 0.71) (end 0.258578 0.71) (layer F.SilkS) (width 0.12))
    (fp_line (start -0.258578 -0.71) (end 0.258578 -0.71) (layer F.SilkS) (width 0.12))
    (fp_line (start 1 0.6) (end -1 0.6) (layer F.Fab) (width 0.1))
    (fp_line (start 1 -0.6) (end 1 0.6) (layer F.Fab) (width 0.1))
    (fp_line (start -1 -0.6) (end 1 -0.6) (layer F.Fab) (width 0.1))
    (fp_line (start -1 0.6) (end -1 -0.6) (layer F.Fab) (width 0.1))
    (pad 2 smd roundrect (at 0.9375 0 270) (size 0.975 1.4) (layers F.Cu F.Paste F.Mask) (roundrect_rratio 0.25)
      (net 25 "Net-(L2-Pad2)"))
    (pad 1 smd roundrect (at -0.9375 0 270) (size 0.975 1.4) (layers F.Cu F.Paste F.Mask) (roundrect_rratio 0.25)
      (net 49 "/Power Supply/1V65"))
    (model ${KISYS3DMOD}/Resistor_SMD.3dshapes/R_0805_2012Metric.wrl
      (at (xyz 0 0 0))
      (scale (xyz 1 1 1))
      (rotate (xyz 0 0 0))
    )
  )

  (module Capacitor_SMD:C_0805_2012Metric (layer F.Cu) (tedit 5B36C52B) (tstamp 5CC83E9A)
    (at 21 -36 180)
    (descr "Capacitor SMD 0805 (2012 Metric), square (rectangular) end terminal, IPC_7351 nominal, (Body size source: https://docs.google.com/spreadsheets/d/1BsfQQcO9C6DZCsRaXUlFlo91Tg2WpOkGARC1WS5S8t0/edit?usp=sharing), generated with kicad-footprint-generator")
    (tags capacitor)
    (path /5CCC16F2)
    (attr smd)
    (fp_text reference C1 (at -0.056946 -1.657143) (layer F.SilkS)
      (effects (font (size 1 1) (thickness 0.15)))
    )
    (fp_text value 100n (at 0 1.65 180) (layer F.Fab)
      (effects (font (size 1 1) (thickness 0.15)))
    )
    (fp_line (start -1 0.6) (end -1 -0.6) (layer F.Fab) (width 0.1))
    (fp_line (start -1 -0.6) (end 1 -0.6) (layer F.Fab) (width 0.1))
    (fp_line (start 1 -0.6) (end 1 0.6) (layer F.Fab) (width 0.1))
    (fp_line (start 1 0.6) (end -1 0.6) (layer F.Fab) (width 0.1))
    (fp_line (start -0.258578 -0.71) (end 0.258578 -0.71) (layer F.SilkS) (width 0.12))
    (fp_line (start -0.258578 0.71) (end 0.258578 0.71) (layer F.SilkS) (width 0.12))
    (fp_line (start -1.68 0.95) (end -1.68 -0.95) (layer F.CrtYd) (width 0.05))
    (fp_line (start -1.68 -0.95) (end 1.68 -0.95) (layer F.CrtYd) (width 0.05))
    (fp_line (start 1.68 -0.95) (end 1.68 0.95) (layer F.CrtYd) (width 0.05))
    (fp_line (start 1.68 0.95) (end -1.68 0.95) (layer F.CrtYd) (width 0.05))
    (fp_text user %R (at 0 0 180) (layer F.Fab)
      (effects (font (size 0.5 0.5) (thickness 0.08)))
    )
    (pad 1 smd roundrect (at -0.9375 0 180) (size 0.975 1.4) (layers F.Cu F.Paste F.Mask) (roundrect_rratio 0.25)
      (net 7 "Net-(C1-Pad1)"))
    (pad 2 smd roundrect (at 0.9375 0 180) (size 0.975 1.4) (layers F.Cu F.Paste F.Mask) (roundrect_rratio 0.25)
      (net 30 "Net-(C1-Pad2)"))
    (model ${KISYS3DMOD}/Capacitor_SMD.3dshapes/C_0805_2012Metric.wrl
      (at (xyz 0 0 0))
      (scale (xyz 1 1 1))
      (rotate (xyz 0 0 0))
    )
  )

  (module Relay_SMD:Relay_DPDT_Omron_G6K-2G-Y (layer F.Cu) (tedit 5A5659F5) (tstamp 5CCAE5DA)
    (at 21 -28 180)
    (descr "Omron G6K-2G-Y relay package http://omronfs.omron.com/en_US/ecb/products/pdf/en-g6k.pdf")
    (tags "Omron G6K-2G-Y relay")
    (path /5DEEF565)
    (attr smd)
    (fp_text reference K4 (at 0.16 -6.2 180) (layer F.SilkS)
      (effects (font (size 1 1) (thickness 0.15)))
    )
    (fp_text value G6K-2 (at -0.04 6.3 180) (layer F.Fab)
      (effects (font (size 1 1) (thickness 0.15)))
    )
    (fp_text user %R (at 0.01 0 180) (layer F.Fab)
      (effects (font (size 1 1) (thickness 0.15)))
    )
    (fp_line (start -3.3 -3.09) (end -3.9 -3.09) (layer F.SilkS) (width 0.12))
    (fp_line (start -3.3 -4.59) (end -3.9 -4.59) (layer F.SilkS) (width 0.12))
    (fp_line (start -3.3 -5.09) (end -3.3 -4.59) (layer F.SilkS) (width 0.12))
    (fp_line (start -3.3 -1.69) (end -3.3 -3.09) (layer F.SilkS) (width 0.12))
    (fp_line (start -3.34 0.8) (end -3.34 0) (layer F.SilkS) (width 0.12))
    (fp_line (start -3.34 3) (end -3.34 2.4) (layer F.SilkS) (width 0.12))
    (fp_line (start -3.34 5.1) (end -3.34 4.6) (layer F.SilkS) (width 0.12))
    (fp_line (start 3.36 5.1) (end -3.34 5.1) (layer F.SilkS) (width 0.12))
    (fp_line (start 3.36 4.6) (end 3.36 5.1) (layer F.SilkS) (width 0.12))
    (fp_line (start 3.36 2.4) (end 3.36 3) (layer F.SilkS) (width 0.12))
    (fp_line (start 3.36 0) (end 3.36 0.8) (layer F.SilkS) (width 0.12))
    (fp_line (start 3.36 -3) (end 3.36 -1.6) (layer F.SilkS) (width 0.12))
    (fp_line (start 3.36 -5.1) (end 3.36 -4.6) (layer F.SilkS) (width 0.12))
    (fp_line (start -3.3 -5.09) (end 3.36 -5.1) (layer F.SilkS) (width 0.12))
    (fp_line (start -3.24 -4) (end -2.24 -5) (layer F.Fab) (width 0.12))
    (fp_line (start -3.24 5) (end -3.24 -4) (layer F.Fab) (width 0.12))
    (fp_line (start 3.26 5) (end -3.24 5) (layer F.Fab) (width 0.12))
    (fp_line (start 3.26 -5) (end 3.26 5) (layer F.Fab) (width 0.12))
    (fp_line (start -2.24 -5) (end 3.26 -5) (layer F.Fab) (width 0.12))
    (fp_line (start -4 -5.25) (end 4 -5.25) (layer F.CrtYd) (width 0.05))
    (fp_line (start -4 -5.25) (end -4 5.25) (layer F.CrtYd) (width 0.05))
    (fp_line (start 4 5.25) (end 4 -5.25) (layer F.CrtYd) (width 0.05))
    (fp_line (start 4 5.25) (end -4 5.25) (layer F.CrtYd) (width 0.05))
    (pad 8 smd rect (at 2.85 -3.8 180) (size 1.8 0.8) (layers F.Cu F.Paste F.Mask)
      (net 144 "Net-(K4-Pad8)"))
    (pad 7 smd rect (at 2.85 -0.8 180) (size 1.8 0.8) (layers F.Cu F.Paste F.Mask)
      (net 1 GND))
    (pad 6 smd rect (at 2.85 1.6 180) (size 1.8 0.8) (layers F.Cu F.Paste F.Mask)
      (net 134 /Bandfilter/LPF_OUT))
    (pad 5 smd rect (at 2.85 3.8 180) (size 1.8 0.8) (layers F.Cu F.Paste F.Mask)
      (net 30 "Net-(C1-Pad2)"))
    (pad 4 smd rect (at -2.85 3.8 180) (size 1.8 0.8) (layers F.Cu F.Paste F.Mask)
      (net 1 GND))
    (pad 3 smd rect (at -2.85 1.6 180) (size 1.8 0.8) (layers F.Cu F.Paste F.Mask)
      (net 108 /Bandfilter/PRE_IN))
    (pad 2 smd rect (at -2.85 -0.8 180) (size 1.8 0.8) (layers F.Cu F.Paste F.Mask)
      (net 30 "Net-(C1-Pad2)"))
    (pad 1 smd rect (at -2.85 -3.8 180) (size 1.8 0.8) (layers F.Cu F.Paste F.Mask)
      (net 145 "Net-(K4-Pad1)"))
    (model ${KISYS3DMOD}/Relay_SMD.3dshapes/Relay_DPDT_Omron_G6K-2G-Y.wrl
      (at (xyz 0 0 0))
      (scale (xyz 1 1 1))
      (rotate (xyz 0 0 0))
    )
  )

  (module Capacitor_SMD:C_0805_2012Metric (layer F.Cu) (tedit 5B36C52B) (tstamp 5CCAD81D)
    (at 33.520406 -13.174885 270)
    (descr "Capacitor SMD 0805 (2012 Metric), square (rectangular) end terminal, IPC_7351 nominal, (Body size source: https://docs.google.com/spreadsheets/d/1BsfQQcO9C6DZCsRaXUlFlo91Tg2WpOkGARC1WS5S8t0/edit?usp=sharing), generated with kicad-footprint-generator")
    (tags capacitor)
    (path /5DB9B986/5DBAA776)
    (attr smd)
    (fp_text reference C46 (at 0 -1.65 270) (layer F.SilkS)
      (effects (font (size 1 1) (thickness 0.15)))
    )
    (fp_text value 68p (at 0 1.65 270) (layer F.Fab)
      (effects (font (size 1 1) (thickness 0.15)))
    )
    (fp_text user %R (at 0 0 270) (layer F.Fab)
      (effects (font (size 0.5 0.5) (thickness 0.08)))
    )
    (fp_line (start 1.68 0.95) (end -1.68 0.95) (layer F.CrtYd) (width 0.05))
    (fp_line (start 1.68 -0.95) (end 1.68 0.95) (layer F.CrtYd) (width 0.05))
    (fp_line (start -1.68 -0.95) (end 1.68 -0.95) (layer F.CrtYd) (width 0.05))
    (fp_line (start -1.68 0.95) (end -1.68 -0.95) (layer F.CrtYd) (width 0.05))
    (fp_line (start -0.258578 0.71) (end 0.258578 0.71) (layer F.SilkS) (width 0.12))
    (fp_line (start -0.258578 -0.71) (end 0.258578 -0.71) (layer F.SilkS) (width 0.12))
    (fp_line (start 1 0.6) (end -1 0.6) (layer F.Fab) (width 0.1))
    (fp_line (start 1 -0.6) (end 1 0.6) (layer F.Fab) (width 0.1))
    (fp_line (start -1 -0.6) (end 1 -0.6) (layer F.Fab) (width 0.1))
    (fp_line (start -1 0.6) (end -1 -0.6) (layer F.Fab) (width 0.1))
    (pad 2 smd roundrect (at 0.9375 0 270) (size 0.975 1.4) (layers F.Cu F.Paste F.Mask) (roundrect_rratio 0.25)
      (net 117 "Net-(C46-Pad2)"))
    (pad 1 smd roundrect (at -0.9375 0 270) (size 0.975 1.4) (layers F.Cu F.Paste F.Mask) (roundrect_rratio 0.25)
      (net 114 "Net-(C46-Pad1)"))
    (model ${KISYS3DMOD}/Capacitor_SMD.3dshapes/C_0805_2012Metric.wrl
      (at (xyz 0 0 0))
      (scale (xyz 1 1 1))
      (rotate (xyz 0 0 0))
    )
  )

  (module Capacitor_SMD:C_0805_2012Metric (layer F.Cu) (tedit 5B36C52B) (tstamp 5CCADCFA)
    (at 28.520406 -2.174885 270)
    (descr "Capacitor SMD 0805 (2012 Metric), square (rectangular) end terminal, IPC_7351 nominal, (Body size source: https://docs.google.com/spreadsheets/d/1BsfQQcO9C6DZCsRaXUlFlo91Tg2WpOkGARC1WS5S8t0/edit?usp=sharing), generated with kicad-footprint-generator")
    (tags capacitor)
    (path /5DB9B986/5DB9CDFF)
    (attr smd)
    (fp_text reference C43 (at 0 -1.65 270) (layer F.SilkS)
      (effects (font (size 1 1) (thickness 0.15)))
    )
    (fp_text value 68p (at 0 1.65 270) (layer F.Fab)
      (effects (font (size 1 1) (thickness 0.15)))
    )
    (fp_line (start -1 0.6) (end -1 -0.6) (layer F.Fab) (width 0.1))
    (fp_line (start -1 -0.6) (end 1 -0.6) (layer F.Fab) (width 0.1))
    (fp_line (start 1 -0.6) (end 1 0.6) (layer F.Fab) (width 0.1))
    (fp_line (start 1 0.6) (end -1 0.6) (layer F.Fab) (width 0.1))
    (fp_line (start -0.258578 -0.71) (end 0.258578 -0.71) (layer F.SilkS) (width 0.12))
    (fp_line (start -0.258578 0.71) (end 0.258578 0.71) (layer F.SilkS) (width 0.12))
    (fp_line (start -1.68 0.95) (end -1.68 -0.95) (layer F.CrtYd) (width 0.05))
    (fp_line (start -1.68 -0.95) (end 1.68 -0.95) (layer F.CrtYd) (width 0.05))
    (fp_line (start 1.68 -0.95) (end 1.68 0.95) (layer F.CrtYd) (width 0.05))
