(kicad_pcb (version 20171130) (host pcbnew 5.0.2-bee76a0~70~ubuntu18.04.1)

  (general
    (thickness 1.6)
    (drawings 24)
    (tracks 0)
    (zones 0)
    (modules 24)
    (nets 12)
  )

  (page A4)
  (layers
    (0 F.Cu signal)
    (31 B.Cu signal)
    (32 B.Adhes user)
    (33 F.Adhes user)
    (34 B.Paste user)
    (35 F.Paste user)
    (36 B.SilkS user)
    (37 F.SilkS user)
    (38 B.Mask user)
    (39 F.Mask user)
    (40 Dwgs.User user)
    (41 Cmts.User user)
    (42 Eco1.User user)
    (43 Eco2.User user)
    (44 Edge.Cuts user)
    (45 Margin user)
    (46 B.CrtYd user)
    (47 F.CrtYd user)
    (48 B.Fab user)
    (49 F.Fab user)
  )

  (setup
    (last_trace_width 0.25)
    (trace_clearance 0.2)
    (zone_clearance 0.508)
    (zone_45_only no)
    (trace_min 0.2)
    (segment_width 0.2)
    (edge_width 0.15)
    (via_size 0.8)
    (via_drill 0.4)
    (via_min_size 0.4)
    (via_min_drill 0.3)
    (uvia_size 0.3)
    (uvia_drill 0.1)
    (uvias_allowed no)
    (uvia_min_size 0.2)
    (uvia_min_drill 0.1)
    (pcb_text_width 0.3)
    (pcb_text_size 1.5 1.5)
    (mod_edge_width 0.15)
    (mod_text_size 1 1)
    (mod_text_width 0.15)
    (pad_size 1.524 1.524)
    (pad_drill 0.762)
    (pad_to_mask_clearance 0.051)
    (solder_mask_min_width 0.25)
    (aux_axis_origin 0 0)
    (visible_elements FFFDFF5F)
    (pcbplotparams
      (layerselection 0x010fc_ffffffff)
      (usegerberextensions false)
      (usegerberattributes false)
      (usegerberadvancedattributes false)
      (creategerberjobfile false)
      (excludeedgelayer true)
      (linewidth 0.100000)
      (plotframeref false)
      (viasonmask false)
      (mode 1)
      (useauxorigin false)
      (hpglpennumber 1)
      (hpglpenspeed 20)
      (hpglpendiameter 15.000000)
      (psnegative false)
      (psa4output false)
      (plotreference true)
      (plotvalue true)
      (plotinvisibletext false)
      (padsonsilk false)
      (subtractmaskfromsilk false)
      (outputformat 1)
      (mirror false)
      (drillshape 1)
      (scaleselection 1)
      (outputdirectory ""))
  )

  (net 0 "")
  (net 1 "Net-(C1-Pad2)")
  (net 2 "Net-(C7-Pad2)")
  (net 3 GND)
  (net 4 "Net-(C12-Pad2)")
  (net 5 /PRE_OUT)
  (net 6 "Net-(C10-Pad1)")
  (net 7 "Net-(C2-Pad1)")
  (net 8 /PRE_IN)
  (net 9 "Net-(C10-Pad2)")
  (net 10 "Net-(C2-Pad2)")
  (net 11 /BPF_EN_80M)

  (net_class Default "This is the default net class."
    (clearance 0.2)
    (trace_width 0.25)
    (via_dia 0.8)
    (via_drill 0.4)
    (uvia_dia 0.3)
    (uvia_drill 0.1)
    (add_net /BPF_EN_80M)
    (add_net /PRE_IN)
    (add_net /PRE_OUT)
    (add_net GND)
    (add_net "Net-(C1-Pad2)")
    (add_net "Net-(C10-Pad1)")
    (add_net "Net-(C10-Pad2)")
    (add_net "Net-(C12-Pad2)")
    (add_net "Net-(C2-Pad1)")
    (add_net "Net-(C2-Pad2)")
    (add_net "Net-(C7-Pad2)")
  )

  (module Connector_PinHeader_1.27mm:PinHeader_1x03_P1.27mm_Horizontal (layer B.Cu) (tedit 59FED6E3) (tstamp 5D09B679)
    (at -11.27 -1.5 270)
    (descr "Through hole angled pin header, 1x03, 1.27mm pitch, 4.0mm pin length, single row")
    (tags "Through hole angled pin header THT 1x03 1.27mm single row")
    (path /5D4E6493)
    (fp_text reference J2 (at 2.4325 1.635 270) (layer B.SilkS)
      (effects (font (size 1 1) (thickness 0.15)) (justify mirror))
    )
    (fp_text value Conn_01x03_Male (at 2.4325 -4.175 270) (layer B.Fab)
      (effects (font (size 1 1) (thickness 0.15)) (justify mirror))
    )
    (fp_text user %R (at 1 -1.27 180) (layer B.Fab)
      (effects (font (size 0.6 0.6) (thickness 0.09)) (justify mirror))
    )
    (fp_line (start 6 1.15) (end -1.15 1.15) (layer B.CrtYd) (width 0.05))
    (fp_line (start 6 -3.7) (end 6 1.15) (layer B.CrtYd) (width 0.05))
    (fp_line (start -1.15 -3.7) (end 6 -3.7) (layer B.CrtYd) (width 0.05))
    (fp_line (start -1.15 1.15) (end -1.15 -3.7) (layer B.CrtYd) (width 0.05))
    (fp_line (start -0.76 0.76) (end 0 0.76) (layer B.SilkS) (width 0.12))
    (fp_line (start -0.76 0) (end -0.76 0.76) (layer B.SilkS) (width 0.12))
    (fp_line (start 5.56 -2.8) (end 1.56 -2.8) (layer B.SilkS) (width 0.12))
    (fp_line (start 5.56 -2.28) (end 5.56 -2.8) (layer B.SilkS) (width 0.12))
    (fp_line (start 1.56 -2.28) (end 5.56 -2.28) (layer B.SilkS) (width 0.12))
    (fp_line (start 0.44 -1.889677) (end 0.44 -1.920323) (layer B.SilkS) (width 0.12))
    (fp_line (start 0.44 -1.905) (end 1.56 -1.905) (layer B.SilkS) (width 0.12))
    (fp_line (start 5.56 -1.53) (end 1.56 -1.53) (layer B.SilkS) (width 0.12))
    (fp_line (start 5.56 -1.01) (end 5.56 -1.53) (layer B.SilkS) (width 0.12))
    (fp_line (start 1.56 -1.01) (end 5.56 -1.01) (layer B.SilkS) (width 0.12))
    (fp_line (start 0.76 -0.635) (end 1.56 -0.635) (layer B.SilkS) (width 0.12))
    (fp_line (start 1.56 -0.16) (end 5.56 -0.16) (layer B.SilkS) (width 0.12))
    (fp_line (start 1.56 -0.04) (end 5.56 -0.04) (layer B.SilkS) (width 0.12))
    (fp_line (start 1.56 0.08) (end 5.56 0.08) (layer B.SilkS) (width 0.12))
    (fp_line (start 1.56 0.2) (end 5.56 0.2) (layer B.SilkS) (width 0.12))
    (fp_line (start 5.56 -0.26) (end 1.56 -0.26) (layer B.SilkS) (width 0.12))
    (fp_line (start 5.56 0.26) (end 5.56 -0.26) (layer B.SilkS) (width 0.12))
    (fp_line (start 1.56 0.26) (end 5.56 0.26) (layer B.SilkS) (width 0.12))
    (fp_line (start 0.44 -3.235) (end 0.44 -3.159677) (layer B.SilkS) (width 0.12))
    (fp_line (start 1.56 -3.235) (end 0.44 -3.235) (layer B.SilkS) (width 0.12))
    (fp_line (start 1.56 0.695) (end 1.56 -3.235) (layer B.SilkS) (width 0.12))
    (fp_line (start 0.76 0.695) (end 1.56 0.695) (layer B.SilkS) (width 0.12))
    (fp_line (start 1.5 -2.74) (end 5.5 -2.74) (layer B.Fab) (width 0.1))
    (fp_line (start 5.5 -2.34) (end 5.5 -2.74) (layer B.Fab) (width 0.1))
    (fp_line (start 1.5 -2.34) (end 5.5 -2.34) (layer B.Fab) (width 0.1))
    (fp_line (start -0.2 -2.74) (end 0.5 -2.74) (layer B.Fab) (width 0.1))
    (fp_line (start -0.2 -2.34) (end -0.2 -2.74) (layer B.Fab) (width 0.1))
    (fp_line (start -0.2 -2.34) (end 0.5 -2.34) (layer B.Fab) (width 0.1))
    (fp_line (start 1.5 -1.47) (end 5.5 -1.47) (layer B.Fab) (width 0.1))
    (fp_line (start 5.5 -1.07) (end 5.5 -1.47) (layer B.Fab) (width 0.1))
    (fp_line (start 1.5 -1.07) (end 5.5 -1.07) (layer B.Fab) (width 0.1))
    (fp_line (start -0.2 -1.47) (end 0.5 -1.47) (layer B.Fab) (width 0.1))
    (fp_line (start -0.2 -1.07) (end -0.2 -1.47) (layer B.Fab) (width 0.1))
    (fp_line (start -0.2 -1.07) (end 0.5 -1.07) (layer B.Fab) (width 0.1))
    (fp_line (start 1.5 -0.2) (end 5.5 -0.2) (layer B.Fab) (width 0.1))
    (fp_line (start 5.5 0.2) (end 5.5 -0.2) (layer B.Fab) (width 0.1))
    (fp_line (start 1.5 0.2) (end 5.5 0.2) (layer B.Fab) (width 0.1))
    (fp_line (start -0.2 -0.2) (end 0.5 -0.2) (layer B.Fab) (width 0.1))
    (fp_line (start -0.2 0.2) (end -0.2 -0.2) (layer B.Fab) (width 0.1))
    (fp_line (start -0.2 0.2) (end 0.5 0.2) (layer B.Fab) (width 0.1))
    (fp_line (start 0.5 0.385) (end 0.75 0.635) (layer B.Fab) (width 0.1))
    (fp_line (start 0.5 -3.175) (end 0.5 0.385) (layer B.Fab) (width 0.1))
    (fp_line (start 1.5 -3.175) (end 0.5 -3.175) (layer B.Fab) (width 0.1))
    (fp_line (start 1.5 0.635) (end 1.5 -3.175) (layer B.Fab) (width 0.1))
    (fp_line (start 0.75 0.635) (end 1.5 0.635) (layer B.Fab) (width 0.1))
    (pad 3 thru_hole oval (at 0 -2.54 270) (size 1 1) (drill 0.65) (layers *.Cu *.Mask)
      (net 8 /PRE_IN))
    (pad 2 thru_hole oval (at 0 -1.27 270) (size 1 1) (drill 0.65) (layers *.Cu *.Mask)
      (net 3 GND))
    (pad 1 thru_hole rect (at 0 0 270) (size 1 1) (drill 0.65) (layers *.Cu *.Mask)
      (net 3 GND))
    (model ${KISYS3DMOD}/Connector_PinHeader_1.27mm.3dshapes/PinHeader_1x03_P1.27mm_Horizontal.wrl
      (at (xyz 0 0 0))
      (scale (xyz 1 1 1))
      (rotate (xyz 0 0 0))
    )
  )

  (module Connector_PinHeader_1.27mm:PinHeader_1x03_P1.27mm_Horizontal (layer B.Cu) (tedit 59FED6E3) (tstamp 5D09B640)
    (at 8.73 -1.226226 270)
    (descr "Through hole angled pin header, 1x03, 1.27mm pitch, 4.0mm pin length, single row")
    (tags "Through hole angled pin header THT 1x03 1.27mm single row")
    (path /5D4E63E7)
    (fp_text reference J1 (at 2.4325 1.635 270) (layer B.SilkS)
      (effects (font (size 1 1) (thickness 0.15)) (justify mirror))
    )
    (fp_text value Conn_01x03_Male (at 2.4325 -4.175 270) (layer B.Fab)
      (effects (font (size 1 1) (thickness 0.15)) (justify mirror))
    )
    (fp_line (start 0.75 0.635) (end 1.5 0.635) (layer B.Fab) (width 0.1))
    (fp_line (start 1.5 0.635) (end 1.5 -3.175) (layer B.Fab) (width 0.1))
    (fp_line (start 1.5 -3.175) (end 0.5 -3.175) (layer B.Fab) (width 0.1))
    (fp_line (start 0.5 -3.175) (end 0.5 0.385) (layer B.Fab) (width 0.1))
    (fp_line (start 0.5 0.385) (end 0.75 0.635) (layer B.Fab) (width 0.1))
    (fp_line (start -0.2 0.2) (end 0.5 0.2) (layer B.Fab) (width 0.1))
    (fp_line (start -0.2 0.2) (end -0.2 -0.2) (layer B.Fab) (width 0.1))
    (fp_line (start -0.2 -0.2) (end 0.5 -0.2) (layer B.Fab) (width 0.1))
    (fp_line (start 1.5 0.2) (end 5.5 0.2) (layer B.Fab) (width 0.1))
    (fp_line (start 5.5 0.2) (end 5.5 -0.2) (layer B.Fab) (width 0.1))
    (fp_line (start 1.5 -0.2) (end 5.5 -0.2) (layer B.Fab) (width 0.1))
    (fp_line (start -0.2 -1.07) (end 0.5 -1.07) (layer B.Fab) (width 0.1))
    (fp_line (start -0.2 -1.07) (end -0.2 -1.47) (layer B.Fab) (width 0.1))
    (fp_line (start -0.2 -1.47) (end 0.5 -1.47) (layer B.Fab) (width 0.1))
    (fp_line (start 1.5 -1.07) (end 5.5 -1.07) (layer B.Fab) (width 0.1))
    (fp_line (start 5.5 -1.07) (end 5.5 -1.47) (layer B.Fab) (width 0.1))
    (fp_line (start 1.5 -1.47) (end 5.5 -1.47) (layer B.Fab) (width 0.1))
    (fp_line (start -0.2 -2.34) (end 0.5 -2.34) (layer B.Fab) (width 0.1))
    (fp_line (start -0.2 -2.34) (end -0.2 -2.74) (layer B.Fab) (width 0.1))
    (fp_line (start -0.2 -2.74) (end 0.5 -2.74) (layer B.Fab) (width 0.1))
    (fp_line (start 1.5 -2.34) (end 5.5 -2.34) (layer B.Fab) (width 0.1))
    (fp_line (start 5.5 -2.34) (end 5.5 -2.74) (layer B.Fab) (width 0.1))
    (fp_line (start 1.5 -2.74) (end 5.5 -2.74) (layer B.Fab) (width 0.1))
    (fp_line (start 0.76 0.695) (end 1.56 0.695) (layer B.SilkS) (width 0.12))
    (fp_line (start 1.56 0.695) (end 1.56 -3.235) (layer B.SilkS) (width 0.12))
    (fp_line (start 1.56 -3.235) (end 0.44 -3.235) (layer B.SilkS) (width 0.12))
    (fp_line (start 0.44 -3.235) (end 0.44 -3.159677) (layer B.SilkS) (width 0.12))
    (fp_line (start 1.56 0.26) (end 5.56 0.26) (layer B.SilkS) (width 0.12))
    (fp_line (start 5.56 0.26) (end 5.56 -0.26) (layer B.SilkS) (width 0.12))
    (fp_line (start 5.56 -0.26) (end 1.56 -0.26) (layer B.SilkS) (width 0.12))
    (fp_line (start 1.56 0.2) (end 5.56 0.2) (layer B.SilkS) (width 0.12))
    (fp_line (start 1.56 0.08) (end 5.56 0.08) (layer B.SilkS) (width 0.12))
    (fp_line (start 1.56 -0.04) (end 5.56 -0.04) (layer B.SilkS) (width 0.12))
    (fp_line (start 1.56 -0.16) (end 5.56 -0.16) (layer B.SilkS) (width 0.12))
    (fp_line (start 0.76 -0.635) (end 1.56 -0.635) (layer B.SilkS) (width 0.12))
    (fp_line (start 1.56 -1.01) (end 5.56 -1.01) (layer B.SilkS) (width 0.12))
    (fp_line (start 5.56 -1.01) (end 5.56 -1.53) (layer B.SilkS) (width 0.12))
    (fp_line (start 5.56 -1.53) (end 1.56 -1.53) (layer B.SilkS) (width 0.12))
    (fp_line (start 0.44 -1.905) (end 1.56 -1.905) (layer B.SilkS) (width 0.12))
    (fp_line (start 0.44 -1.889677) (end 0.44 -1.920323) (layer B.SilkS) (width 0.12))
    (fp_line (start 1.56 -2.28) (end 5.56 -2.28) (layer B.SilkS) (width 0.12))
    (fp_line (start 5.56 -2.28) (end 5.56 -2.8) (layer B.SilkS) (width 0.12))
    (fp_line (start 5.56 -2.8) (end 1.56 -2.8) (layer B.SilkS) (width 0.12))
    (fp_line (start -0.76 0) (end -0.76 0.76) (layer B.SilkS) (width 0.12))
    (fp_line (start -0.76 0.76) (end 0 0.76) (layer B.SilkS) (width 0.12))
    (fp_line (start -1.15 1.15) (end -1.15 -3.7) (layer B.CrtYd) (width 0.05))
    (fp_line (start -1.15 -3.7) (end 6 -3.7) (layer B.CrtYd) (width 0.05))
    (fp_line (start 6 -3.7) (end 6 1.15) (layer B.CrtYd) (width 0.05))
    (fp_line (start 6 1.15) (end -1.15 1.15) (layer B.CrtYd) (width 0.05))
    (fp_text user %R (at 1 -1.27 180) (layer B.Fab)
      (effects (font (size 0.6 0.6) (thickness 0.09)) (justify mirror))
    )
    (pad 1 thru_hole rect (at 0 0 270) (size 1 1) (drill 0.65) (layers *.Cu *.Mask)
      (net 5 /PRE_OUT))
    (pad 2 thru_hole oval (at 0 -1.27 270) (size 1 1) (drill 0.65) (layers *.Cu *.Mask)
      (net 11 /BPF_EN_80M))
    (pad 3 thru_hole oval (at 0 -2.54 270) (size 1 1) (drill 0.65) (layers *.Cu *.Mask)
      (net 3 GND))
    (model ${KISYS3DMOD}/Connector_PinHeader_1.27mm.3dshapes/PinHeader_1x03_P1.27mm_Horizontal.wrl
      (at (xyz 0 0 0))
      (scale (xyz 1 1 1))
      (rotate (xyz 0 0 0))
    )
  )

  (module Capacitor_SMD:C_0805_2012Metric (layer F.Cu) (tedit 5B36C52B) (tstamp 5D08ECAA)
    (at 1.5 -1 270)
    (descr "Capacitor SMD 0805 (2012 Metric), square (rectangular) end terminal, IPC_7351 nominal, (Body size source: https://docs.google.com/spreadsheets/d/1BsfQQcO9C6DZCsRaXUlFlo91Tg2WpOkGARC1WS5S8t0/edit?usp=sharing), generated with kicad-footprint-generator")
    (tags capacitor)
    (path /5DB9CDF8)
    (attr smd)
    (fp_text reference C2 (at 0 -1.65 270) (layer F.SilkS)
      (effects (font (size 1 1) (thickness 0.15)))
    )
    (fp_text value 68p (at 0 1.65 270) (layer F.Fab)
      (effects (font (size 1 1) (thickness 0.15)))
    )
    (fp_text user %R (at 0 0 270) (layer F.Fab)
      (effects (font (size 0.5 0.5) (thickness 0.08)))
    )
    (fp_line (start 1.68 0.95) (end -1.68 0.95) (layer F.CrtYd) (width 0.05))
    (fp_line (start 1.68 -0.95) (end 1.68 0.95) (layer F.CrtYd) (width 0.05))
    (fp_line (start -1.68 -0.95) (end 1.68 -0.95) (layer F.CrtYd) (width 0.05))
    (fp_line (start -1.68 0.95) (end -1.68 -0.95) (layer F.CrtYd) (width 0.05))
    (fp_line (start -0.258578 0.71) (end 0.258578 0.71) (layer F.SilkS) (width 0.12))
    (fp_line (start -0.258578 -0.71) (end 0.258578 -0.71) (layer F.SilkS) (width 0.12))
    (fp_line (start 1 0.6) (end -1 0.6) (layer F.Fab) (width 0.1))
    (fp_line (start 1 -0.6) (end 1 0.6) (layer F.Fab) (width 0.1))
    (fp_line (start -1 -0.6) (end 1 -0.6) (layer F.Fab) (width 0.1))
    (fp_line (start -1 0.6) (end -1 -0.6) (layer F.Fab) (width 0.1))
    (pad 2 smd roundrect (at 0.9375 0 270) (size 0.975 1.4) (layers F.Cu F.Paste F.Mask) (roundrect_rratio 0.25)
      (net 10 "Net-(C2-Pad2)"))
    (pad 1 smd roundrect (at -0.9375 0 270) (size 0.975 1.4) (layers F.Cu F.Paste F.Mask) (roundrect_rratio 0.25)
      (net 7 "Net-(C2-Pad1)"))
    (model ${KISYS3DMOD}/Capacitor_SMD.3dshapes/C_0805_2012Metric.wrl
      (at (xyz 0 0 0))
      (scale (xyz 1 1 1))
      (rotate (xyz 0 0 0))
    )
  )

  (module Capacitor_SMD:C_0805_2012Metric (layer F.Cu) (tedit 5B36C52B) (tstamp 5D08FA24)
    (at 5.5 -5 270)
    (descr "Capacitor SMD 0805 (2012 Metric), square (rectangular) end terminal, IPC_7351 nominal, (Body size source: https://docs.google.com/spreadsheets/d/1BsfQQcO9C6DZCsRaXUlFlo91Tg2WpOkGARC1WS5S8t0/edit?usp=sharing), generated with kicad-footprint-generator")
    (tags capacitor)
    (path /5DB9CDFF)
    (attr smd)
    (fp_text reference C3 (at 0 -1.65 270) (layer F.SilkS)
      (effects (font (size 1 1) (thickness 0.15)))
    )
    (fp_text value 68p (at 0 1.65 270) (layer F.Fab)
      (effects (font (size 1 1) (thickness 0.15)))
    )
    (fp_line (start -1 0.6) (end -1 -0.6) (layer F.Fab) (width 0.1))
    (fp_line (start -1 -0.6) (end 1 -0.6) (layer F.Fab) (width 0.1))
    (fp_line (start 1 -0.6) (end 1 0.6) (layer F.Fab) (width 0.1))
    (fp_line (start 1 0.6) (end -1 0.6) (layer F.Fab) (width 0.1))
    (fp_line (start -0.258578 -0.71) (end 0.258578 -0.71) (layer F.SilkS) (width 0.12))
    (fp_line (start -0.258578 0.71) (end 0.258578 0.71) (layer F.SilkS) (width 0.12))
    (fp_line (start -1.68 0.95) (end -1.68 -0.95) (layer F.CrtYd) (width 0.05))
    (fp_line (start -1.68 -0.95) (end 1.68 -0.95) (layer F.CrtYd) (width 0.05))
    (fp_line (start 1.68 -0.95) (end 1.68 0.95) (layer F.CrtYd) (width 0.05))
    (fp_line (start 1.68 0.95) (end -1.68 0.95) (layer F.CrtYd) (width 0.05))
    (fp_text user %R (at 0 0 270) (layer F.Fab)
      (effects (font (size 0.5 0.5) (thickness 0.08)))
    )
    (pad 1 smd roundrect (at -0.9375 0 270) (size 0.975 1.4) (layers F.Cu F.Paste F.Mask) (roundrect_rratio 0.25)
      (net 3 GND))
    (pad 2 smd roundrect (at 0.9375 0 270) (size 0.975 1.4) (layers F.Cu F.Paste F.Mask) (roundrect_rratio 0.25)
      (net 7 "Net-(C2-Pad1)"))
    (model ${KISYS3DMOD}/Capacitor_SMD.3dshapes/C_0805_2012Metric.wrl
      (at (xyz 0 0 0))
      (scale (xyz 1 1 1))
      (rotate (xyz 0 0 0))
    )
  )

  (module Capacitor_SMD:C_0805_2012Metric (layer F.Cu) (tedit 5B36C52B) (tstamp 5D08FA54)
    (at 3 -5 270)
    (descr "Capacitor SMD 0805 (2012 Metric), square (rectangular) end terminal, IPC_7351 nominal, (Body size source: https://docs.google.com/spreadsheets/d/1BsfQQcO9C6DZCsRaXUlFlo91Tg2WpOkGARC1WS5S8t0/edit?usp=sharing), generated with kicad-footprint-generator")
    (tags capacitor)
    (path /5DB9CE0D)
    (attr smd)
    (fp_text reference C5 (at 0 -1.65 270) (layer F.SilkS)
      (effects (font (size 1 1) (thickness 0.15)))
    )
    (fp_text value 68p (at 0 1.65 270) (layer F.Fab)
      (effects (font (size 1 1) (thickness 0.15)))
    )
    (fp_text user %R (at 0 0 270) (layer F.Fab)
      (effects (font (size 0.5 0.5) (thickness 0.08)))
    )
    (fp_line (start 1.68 0.95) (end -1.68 0.95) (layer F.CrtYd) (width 0.05))
    (fp_line (start 1.68 -0.95) (end 1.68 0.95) (layer F.CrtYd) (width 0.05))
    (fp_line (start -1.68 -0.95) (end 1.68 -0.95) (layer F.CrtYd) (width 0.05))
    (fp_line (start -1.68 0.95) (end -1.68 -0.95) (layer F.CrtYd) (width 0.05))
    (fp_line (start -0.258578 0.71) (end 0.258578 0.71) (layer F.SilkS) (width 0.12))
    (fp_line (start -0.258578 -0.71) (end 0.258578 -0.71) (layer F.SilkS) (width 0.12))
    (fp_line (start 1 0.6) (end -1 0.6) (layer F.Fab) (width 0.1))
    (fp_line (start 1 -0.6) (end 1 0.6) (layer F.Fab) (width 0.1))
    (fp_line (start -1 -0.6) (end 1 -0.6) (layer F.Fab) (width 0.1))
    (fp_line (start -1 0.6) (end -1 -0.6) (layer F.Fab) (width 0.1))
    (pad 2 smd roundrect (at 0.9375 0 270) (size 0.975 1.4) (layers F.Cu F.Paste F.Mask) (roundrect_rratio 0.25)
      (net 7 "Net-(C2-Pad1)"))
    (pad 1 smd roundrect (at -0.9375 0 270) (size 0.975 1.4) (layers F.Cu F.Paste F.Mask) (roundrect_rratio 0.25)
      (net 3 GND))
    (model ${KISYS3DMOD}/Capacitor_SMD.3dshapes/C_0805_2012Metric.wrl
      (at (xyz 0 0 0))
      (scale (xyz 1 1 1))
      (rotate (xyz 0 0 0))
    )
  )

  (module Capacitor_SMD:C_0805_2012Metric (layer F.Cu) (tedit 5B36C52B) (tstamp 5D08EC77)
    (at 0 3)
    (descr "Capacitor SMD 0805 (2012 Metric), square (rectangular) end terminal, IPC_7351 nominal, (Body size source: https://docs.google.com/spreadsheets/d/1BsfQQcO9C6DZCsRaXUlFlo91Tg2WpOkGARC1WS5S8t0/edit?usp=sharing), generated with kicad-footprint-generator")
    (tags capacitor)
    (path /5DB9CE36)
    (attr smd)
    (fp_text reference C6 (at 0 -1.65) (layer F.SilkS)
      (effects (font (size 1 1) (thickness 0.15)))
    )
    (fp_text value 68p (at 0 1.65) (layer F.Fab)
      (effects (font (size 1 1) (thickness 0.15)))
    )
    (fp_line (start -1 0.6) (end -1 -0.6) (layer F.Fab) (width 0.1))
    (fp_line (start -1 -0.6) (end 1 -0.6) (layer F.Fab) (width 0.1))
    (fp_line (start 1 -0.6) (end 1 0.6) (layer F.Fab) (width 0.1))
    (fp_line (start 1 0.6) (end -1 0.6) (layer F.Fab) (width 0.1))
    (fp_line (start -0.258578 -0.71) (end 0.258578 -0.71) (layer F.SilkS) (width 0.12))
    (fp_line (start -0.258578 0.71) (end 0.258578 0.71) (layer F.SilkS) (width 0.12))
    (fp_line (start -1.68 0.95) (end -1.68 -0.95) (layer F.CrtYd) (width 0.05))
    (fp_line (start -1.68 -0.95) (end 1.68 -0.95) (layer F.CrtYd) (width 0.05))
    (fp_line (start 1.68 -0.95) (end 1.68 0.95) (layer F.CrtYd) (width 0.05))
    (fp_line (start 1.68 0.95) (end -1.68 0.95) (layer F.CrtYd) (width 0.05))
    (fp_text user %R (at 0 0) (layer F.Fab)
      (effects (font (size 0.5 0.5) (thickness 0.08)))
    )
    (pad 1 smd roundrect (at -0.9375 0) (size 0.975 1.4) (layers F.Cu F.Paste F.Mask) (roundrect_rratio 0.25)
      (net 9 "Net-(C10-Pad2)"))
    (pad 2 smd roundrect (at 0.9375 0) (size 0.975 1.4) (layers F.Cu F.Paste F.Mask) (roundrect_rratio 0.25)
      (net 10 "Net-(C2-Pad2)"))
    (model ${KISYS3DMOD}/Capacitor_SMD.3dshapes/C_0805_2012Metric.wrl
      (at (xyz 0 0 0))
      (scale (xyz 1 1 1))
      (rotate (xyz 0 0 0))
    )
  )

  (module Capacitor_SMD:C_0805_2012Metric (layer B.Cu) (tedit 5B36C52B) (tstamp 5D09023A)
    (at 0 -4.5 270)
    (descr "Capacitor SMD 0805 (2012 Metric), square (rectangular) end terminal, IPC_7351 nominal, (Body size source: https://docs.google.com/spreadsheets/d/1BsfQQcO9C6DZCsRaXUlFlo91Tg2WpOkGARC1WS5S8t0/edit?usp=sharing), generated with kicad-footprint-generator")
    (tags capacitor)
    (path /5DB9CDBC)
    (attr smd)
    (fp_text reference C7 (at 0 1.65 270) (layer B.SilkS)
      (effects (font (size 1 1) (thickness 0.15)) (justify mirror))
    )
    (fp_text value 68p (at -9.065001 18.475001 270) (layer B.Fab)
      (effects (font (size 1 1) (thickness 0.15)) (justify mirror))
    )
    (fp_text user %R (at 0 0 270) (layer B.Fab)
      (effects (font (size 0.5 0.5) (thickness 0.08)) (justify mirror))
    )
    (fp_line (start 1.68 -0.95) (end -1.68 -0.95) (layer B.CrtYd) (width 0.05))
    (fp_line (start 1.68 0.95) (end 1.68 -0.95) (layer B.CrtYd) (width 0.05))
    (fp_line (start -1.68 0.95) (end 1.68 0.95) (layer B.CrtYd) (width 0.05))
    (fp_line (start -1.68 -0.95) (end -1.68 0.95) (layer B.CrtYd) (width 0.05))
    (fp_line (start -0.258578 -0.71) (end 0.258578 -0.71) (layer B.SilkS) (width 0.12))
    (fp_line (start -0.258578 0.71) (end 0.258578 0.71) (layer B.SilkS) (width 0.12))
    (fp_line (start 1 -0.6) (end -1 -0.6) (layer B.Fab) (width 0.1))
    (fp_line (start 1 0.6) (end 1 -0.6) (layer B.Fab) (width 0.1))
    (fp_line (start -1 0.6) (end 1 0.6) (layer B.Fab) (width 0.1))
    (fp_line (start -1 -0.6) (end -1 0.6) (layer B.Fab) (width 0.1))
    (pad 2 smd roundrect (at 0.9375 0 270) (size 0.975 1.4) (layers B.Cu B.Paste B.Mask) (roundrect_rratio 0.25)
      (net 2 "Net-(C7-Pad2)"))
    (pad 1 smd roundrect (at -0.9375 0 270) (size 0.975 1.4) (layers B.Cu B.Paste B.Mask) (roundrect_rratio 0.25)
      (net 3 GND))
    (model ${KISYS3DMOD}/Capacitor_SMD.3dshapes/C_0805_2012Metric.wrl
      (at (xyz 0 0 0))
      (scale (xyz 1 1 1))
      (rotate (xyz 0 0 0))
    )
  )

  (module Capacitor_SMD:C_0805_2012Metric (layer F.Cu) (tedit 5B36C52B) (tstamp 5D08F735)
    (at -3 -5 270)
    (descr "Capacitor SMD 0805 (2012 Metric), square (rectangular) end terminal, IPC_7351 nominal, (Body size source: https://docs.google.com/spreadsheets/d/1BsfQQcO9C6DZCsRaXUlFlo91Tg2WpOkGARC1WS5S8t0/edit?usp=sharing), generated with kicad-footprint-generator")
    (tags capacitor)
    (path /5DB9CE5B)
    (attr smd)
    (fp_text reference C9 (at 0 -1.65 270) (layer F.SilkS)
      (effects (font (size 1 1) (thickness 0.15)))
    )
    (fp_text value 68p (at 0 1.65 270) (layer F.Fab)
      (effects (font (size 1 1) (thickness 0.15)))
    )
    (fp_line (start -1 0.6) (end -1 -0.6) (layer F.Fab) (width 0.1))
    (fp_line (start -1 -0.6) (end 1 -0.6) (layer F.Fab) (width 0.1))
    (fp_line (start 1 -0.6) (end 1 0.6) (layer F.Fab) (width 0.1))
    (fp_line (start 1 0.6) (end -1 0.6) (layer F.Fab) (width 0.1))
    (fp_line (start -0.258578 -0.71) (end 0.258578 -0.71) (layer F.SilkS) (width 0.12))
    (fp_line (start -0.258578 0.71) (end 0.258578 0.71) (layer F.SilkS) (width 0.12))
    (fp_line (start -1.68 0.95) (end -1.68 -0.95) (layer F.CrtYd) (width 0.05))
    (fp_line (start -1.68 -0.95) (end 1.68 -0.95) (layer F.CrtYd) (width 0.05))
    (fp_line (start 1.68 -0.95) (end 1.68 0.95) (layer F.CrtYd) (width 0.05))
    (fp_line (start 1.68 0.95) (end -1.68 0.95) (layer F.CrtYd) (width 0.05))
    (fp_text user %R (at 0 0 270) (layer F.Fab)
      (effects (font (size 0.5 0.5) (thickness 0.08)))
    )
    (pad 1 smd roundrect (at -0.9375 0 270) (size 0.975 1.4) (layers F.Cu F.Paste F.Mask) (roundrect_rratio 0.25)
      (net 3 GND))
    (pad 2 smd roundrect (at 0.9375 0 270) (size 0.975 1.4) (layers F.Cu F.Paste F.Mask) (roundrect_rratio 0.25)
      (net 6 "Net-(C10-Pad1)"))
    (model ${KISYS3DMOD}/Capacitor_SMD.3dshapes/C_0805_2012Metric.wrl
      (at (xyz 0 0 0))
      (scale (xyz 1 1 1))
      (rotate (xyz 0 0 0))
    )
  )

  (module Capacitor_SMD:C_0805_2012Metric (layer F.Cu) (tedit 5B36C52B) (tstamp 5D08EC44)
    (at -2 -1 270)
    (descr "Capacitor SMD 0805 (2012 Metric), square (rectangular) end terminal, IPC_7351 nominal, (Body size source: https://docs.google.com/spreadsheets/d/1BsfQQcO9C6DZCsRaXUlFlo91Tg2WpOkGARC1WS5S8t0/edit?usp=sharing), generated with kicad-footprint-generator")
    (tags capacitor)
    (path /5DB9CE46)
    (attr smd)
    (fp_text reference C10 (at 0 -1.65 270) (layer F.SilkS)
      (effects (font (size 1 1) (thickness 0.15)))
    )
    (fp_text value 68p (at 0 1.65 270) (layer F.Fab)
      (effects (font (size 1 1) (thickness 0.15)))
    )
    (fp_text user %R (at 0 0 270) (layer F.Fab)
      (effects (font (size 0.5 0.5) (thickness 0.08)))
    )
    (fp_line (start 1.68 0.95) (end -1.68 0.95) (layer F.CrtYd) (width 0.05))
    (fp_line (start 1.68 -0.95) (end 1.68 0.95) (layer F.CrtYd) (width 0.05))
    (fp_line (start -1.68 -0.95) (end 1.68 -0.95) (layer F.CrtYd) (width 0.05))
    (fp_line (start -1.68 0.95) (end -1.68 -0.95) (layer F.CrtYd) (width 0.05))
    (fp_line (start -0.258578 0.71) (end 0.258578 0.71) (layer F.SilkS) (width 0.12))
    (fp_line (start -0.258578 -0.71) (end 0.258578 -0.71) (layer F.SilkS) (width 0.12))
    (fp_line (start 1 0.6) (end -1 0.6) (layer F.Fab) (width 0.1))
    (fp_line (start 1 -0.6) (end 1 0.6) (layer F.Fab) (width 0.1))
    (fp_line (start -1 -0.6) (end 1 -0.6) (layer F.Fab) (width 0.1))
    (fp_line (start -1 0.6) (end -1 -0.6) (layer F.Fab) (width 0.1))
    (pad 2 smd roundrect (at 0.9375 0 270) (size 0.975 1.4) (layers F.Cu F.Paste F.Mask) (roundrect_rratio 0.25)
      (net 9 "Net-(C10-Pad2)"))
    (pad 1 smd roundrect (at -0.9375 0 270) (size 0.975 1.4) (layers F.Cu F.Paste F.Mask) (roundrect_rratio 0.25)
      (net 6 "Net-(C10-Pad1)"))
    (model ${KISYS3DMOD}/Capacitor_SMD.3dshapes/C_0805_2012Metric.wrl
      (at (xyz 0 0 0))
      (scale (xyz 1 1 1))
      (rotate (xyz 0 0 0))
    )
  )

  (module Capacitor_SMD:C_0805_2012Metric (layer F.Cu) (tedit 5B36C52B) (tstamp 5D08F705)
    (at -5.5 -5 270)
    (descr "Capacitor SMD 0805 (2012 Metric), square (rectangular) end terminal, IPC_7351 nominal, (Body size source: https://docs.google.com/spreadsheets/d/1BsfQQcO9C6DZCsRaXUlFlo91Tg2WpOkGARC1WS5S8t0/edit?usp=sharing), generated with kicad-footprint-generator")
    (tags capacitor)
    (path /5DB9CE4D)
    (attr smd)
    (fp_text reference C11 (at 0 -1.65 270) (layer F.SilkS)
      (effects (font (size 1 1) (thickness 0.15)))
    )
    (fp_text value 68p (at 0 1.65 270) (layer F.Fab)
      (effects (font (size 1 1) (thickness 0.15)))
    )
    (fp_line (start -1 0.6) (end -1 -0.6) (layer F.Fab) (width 0.1))
    (fp_line (start -1 -0.6) (end 1 -0.6) (layer F.Fab) (width 0.1))
    (fp_line (start 1 -0.6) (end 1 0.6) (layer F.Fab) (width 0.1))
    (fp_line (start 1 0.6) (end -1 0.6) (layer F.Fab) (width 0.1))
    (fp_line (start -0.258578 -0.71) (end 0.258578 -0.71) (layer F.SilkS) (width 0.12))
    (fp_line (start -0.258578 0.71) (end 0.258578 0.71) (layer F.SilkS) (width 0.12))
    (fp_line (start -1.68 0.95) (end -1.68 -0.95) (layer F.CrtYd) (width 0.05))
    (fp_line (start -1.68 -0.95) (end 1.68 -0.95) (layer F.CrtYd) (width 0.05))
    (fp_line (start 1.68 -0.95) (end 1.68 0.95) (layer F.CrtYd) (width 0.05))
    (fp_line (start 1.68 0.95) (end -1.68 0.95) (layer F.CrtYd) (width 0.05))
    (fp_text user %R (at 0 0 270) (layer F.Fab)
      (effects (font (size 0.5 0.5) (thickness 0.08)))
    )
    (pad 1 smd roundrect (at -0.9375 0 270) (size 0.975 1.4) (layers F.Cu F.Paste F.Mask) (roundrect_rratio 0.25)
      (net 3 GND))
    (pad 2 smd roundrect (at 0.9375 0 270) (size 0.975 1.4) (layers F.Cu F.Paste F.Mask) (roundrect_rratio 0.25)
      (net 6 "Net-(C10-Pad1)"))
    (model ${KISYS3DMOD}/Capacitor_SMD.3dshapes/C_0805_2012Metric.wrl
      (at (xyz 0 0 0))
      (scale (xyz 1 1 1))
      (rotate (xyz 0 0 0))
    )
  )

  (module Capacitor_SMD:C_0805_2012Metric (layer B.Cu) (tedit 5B36C52B) (tstamp 5D0901DA)
    (at 3 -4.5 270)
    (descr "Capacitor SMD 0805 (2012 Metric), square (rectangular) end terminal, IPC_7351 nominal, (Body size source: https://docs.google.com/spreadsheets/d/1BsfQQcO9C6DZCsRaXUlFlo91Tg2WpOkGARC1WS5S8t0/edit?usp=sharing), generated with kicad-footprint-generator")
    (tags capacitor)
    (path /5DB9CDA7)
    (attr smd)
    (fp_text reference C1 (at 0 1.65 270) (layer B.SilkS)
      (effects (font (size 1 1) (thickness 0.15)) (justify mirror))
    )
    (fp_text value 68p (at 0 -1.65 270) (layer B.Fab)
      (effects (font (size 1 1) (thickness 0.15)) (justify mirror))
    )
    (fp_text user %R (at 0 0 270) (layer B.Fab)
      (effects (font (size 0.5 0.5) (thickness 0.08)) (justify mirror))
    )
    (fp_line (start 1.68 -0.95) (end -1.68 -0.95) (layer B.CrtYd) (width 0.05))
    (fp_line (start 1.68 0.95) (end 1.68 -0.95) (layer B.CrtYd) (width 0.05))
    (fp_line (start -1.68 0.95) (end 1.68 0.95) (layer B.CrtYd) (width 0.05))
    (fp_line (start -1.68 -0.95) (end -1.68 0.95) (layer B.CrtYd) (width 0.05))
    (fp_line (start -0.258578 -0.71) (end 0.258578 -0.71) (layer B.SilkS) (width 0.12))
    (fp_line (start -0.258578 0.71) (end 0.258578 0.71) (layer B.SilkS) (width 0.12))
    (fp_line (start 1 -0.6) (end -1 -0.6) (layer B.Fab) (width 0.1))
    (fp_line (start 1 0.6) (end 1 -0.6) (layer B.Fab) (width 0.1))
    (fp_line (start -1 0.6) (end 1 0.6) (layer B.Fab) (width 0.1))
    (fp_line (start -1 -0.6) (end -1 0.6) (layer B.Fab) (width 0.1))
    (pad 2 smd roundrect (at 0.9375 0 270) (size 0.975 1.4) (layers B.Cu B.Paste B.Mask) (roundrect_rratio 0.25)
      (net 1 "Net-(C1-Pad2)"))
    (pad 1 smd roundrect (at -0.9375 0 270) (size 0.975 1.4) (layers B.Cu B.Paste B.Mask) (roundrect_rratio 0.25)
      (net 3 GND))
    (model ${KISYS3DMOD}/Capacitor_SMD.3dshapes/C_0805_2012Metric.wrl
      (at (xyz 0 0 0))
      (scale (xyz 1 1 1))
      (rotate (xyz 0 0 0))
    )
  )

  (module Capacitor_SMD:C_0805_2012Metric (layer B.Cu) (tedit 5B36C52B) (tstamp 5D09029A)
    (at -3 -4.5 270)
    (descr "Capacitor SMD 0805 (2012 Metric), square (rectangular) end terminal, IPC_7351 nominal, (Body size source: https://docs.google.com/spreadsheets/d/1BsfQQcO9C6DZCsRaXUlFlo91Tg2WpOkGARC1WS5S8t0/edit?usp=sharing), generated with kicad-footprint-generator")
    (tags capacitor)
    (path /5DB9CDD8)
    (attr smd)
    (fp_text reference C12 (at 0 1.65 270) (layer B.SilkS)
      (effects (font (size 1 1) (thickness 0.15)) (justify mirror))
    )
    (fp_text value 68p (at 0 -1.65 270) (layer B.Fab)
      (effects (font (size 1 1) (thickness 0.15)) (justify mirror))
    )
    (fp_line (start -1 -0.6) (end -1 0.6) (layer B.Fab) (width 0.1))
    (fp_line (start -1 0.6) (end 1 0.6) (layer B.Fab) (width 0.1))
    (fp_line (start 1 0.6) (end 1 -0.6) (layer B.Fab) (width 0.1))
    (fp_line (start 1 -0.6) (end -1 -0.6) (layer B.Fab) (width 0.1))
    (fp_line (start -0.258578 0.71) (end 0.258578 0.71) (layer B.SilkS) (width 0.12))
    (fp_line (start -0.258578 -0.71) (end 0.258578 -0.71) (layer B.SilkS) (width 0.12))
    (fp_line (start -1.68 -0.95) (end -1.68 0.95) (layer B.CrtYd) (width 0.05))
    (fp_line (start -1.68 0.95) (end 1.68 0.95) (layer B.CrtYd) (width 0.05))
    (fp_line (start 1.68 0.95) (end 1.68 -0.95) (layer B.CrtYd) (width 0.05))
    (fp_line (start 1.68 -0.95) (end -1.68 -0.95) (layer B.CrtYd) (width 0.05))
    (fp_text user %R (at 0 0 270) (layer B.Fab)
      (effects (font (size 0.5 0.5) (thickness 0.08)) (justify mirror))
    )
    (pad 1 smd roundrect (at -0.9375 0 270) (size 0.975 1.4) (layers B.Cu B.Paste B.Mask) (roundrect_rratio 0.25)
      (net 3 GND))
    (pad 2 smd roundrect (at 0.9375 0 270) (size 0.975 1.4) (layers B.Cu B.Paste B.Mask) (roundrect_rratio 0.25)
      (net 4 "Net-(C12-Pad2)"))
    (model ${KISYS3DMOD}/Capacitor_SMD.3dshapes/C_0805_2012Metric.wrl
      (at (xyz 0 0 0))
      (scale (xyz 1 1 1))
      (rotate (xyz 0 0 0))
    )
  )

  (module Capacitor_SMD:C_Trimmer_Murata_TZB4-B (layer F.Cu) (tedit 590DA842) (tstamp 5D08EF1F)
    (at 5.5 2 90)
    (descr "trimmer capacitor SMD horizontal, http://www.murata.com/~/media/webrenewal/support/library/catalog/products/capacitor/trimmer/t13e.ashx?la=en-gb")
    (tags " Murata TZB4 TZB4-A")
    (path /5DB9CE06)
    (attr smd)
    (fp_text reference C4 (at 0 -3.25 90) (layer F.SilkS)
      (effects (font (size 1 1) (thickness 0.15)))
    )
    (fp_text value C_Variable (at 0 3.25 90) (layer F.Fab)
      (effects (font (size 1 1) (thickness 0.15)))
    )
    (fp_text user %R (at 0 0 90) (layer F.Fab)
      (effects (font (size 0.5 0.5) (thickness 0.05)))
    )
    (fp_line (start 4.25 -2.25) (end -4.25 -2.25) (layer F.CrtYd) (width 0.05))
    (fp_line (start 4.25 2.25) (end 4.25 -2.25) (layer F.CrtYd) (width 0.05))
    (fp_line (start -4.25 2.25) (end 4.25 2.25) (layer F.CrtYd) (width 0.05))
    (fp_line (start -4.25 -2.25) (end -4.25 2.25) (layer F.CrtYd) (width 0.05))
    (fp_line (start 2.45 2.2) (end 2.45 1.7) (layer F.SilkS) (width 0.12))
    (fp_line (start 2.45 2.2) (end 1.95 2.2) (layer F.SilkS) (width 0.12))
    (fp_line (start 2.45 -2.2) (end 2.45 -1.7) (layer F.SilkS) (width 0.12))
    (fp_line (start 2.45 -2.2) (end 1.95 -2.2) (layer F.SilkS) (width 0.12))
    (fp_line (start -2.45 2.2) (end -2.45 1.7) (layer F.SilkS) (width 0.12))
    (fp_line (start -2.45 2.2) (end -1.95 2.2) (layer F.SilkS) (width 0.12))
    (fp_line (start -2.45 -2.2) (end -2.45 -1.7) (layer F.SilkS) (width 0.12))
    (fp_line (start -2.45 -2.2) (end -1.95 -2.2) (layer F.SilkS) (width 0.12))
    (fp_line (start -3.5 0.6) (end -2.25 0.6) (layer F.Fab) (width 0.1))
    (fp_line (start -3.5 -0.6) (end -3.5 0.6) (layer F.Fab) (width 0.1))
    (fp_line (start -2.25 -0.6) (end -3.5 -0.6) (layer F.Fab) (width 0.1))
    (fp_line (start 3.5 0.6) (end 2.25 0.6) (layer F.Fab) (width 0.1))
    (fp_line (start 3.5 -0.6) (end 3.5 0.6) (layer F.Fab) (width 0.1))
    (fp_line (start 2.25 -0.6) (end 3.5 -0.6) (layer F.Fab) (width 0.1))
    (fp_line (start -2.25 -1.99) (end -2.25 -2) (layer F.Fab) (width 0.1))
    (fp_line (start -2.25 1.99) (end -2.25 -1.99) (layer F.Fab) (width 0.1))
    (fp_line (start -2.25 2) (end -2.25 1.99) (layer F.Fab) (width 0.1))
    (fp_line (start -2.24 2) (end -2.25 2) (layer F.Fab) (width 0.1))
    (fp_line (start 2.24 2) (end -2.24 2) (layer F.Fab) (width 0.1))
    (fp_line (start 2.25 2) (end 2.24 2) (layer F.Fab) (width 0.1))
    (fp_line (start 2.25 1.99) (end 2.25 2) (layer F.Fab) (width 0.1))
    (fp_line (start 2.25 -1.99) (end 2.25 1.99) (layer F.Fab) (width 0.1))
    (fp_line (start 2.25 -2) (end 2.25 -1.99) (layer F.Fab) (width 0.1))
    (fp_line (start 2.24 -2) (end 2.25 -2) (layer F.Fab) (width 0.1))
    (fp_line (start -2.24 -2) (end 2.24 -2) (layer F.Fab) (width 0.1))
    (fp_line (start -2.25 -2) (end -2.24 -2) (layer F.Fab) (width 0.1))
    (fp_circle (center 0 0) (end 2 0) (layer F.Fab) (width 0.1))
    (pad 2 smd rect (at 3 0 90) (size 2 1.6) (layers F.Cu F.Paste F.Mask)
      (net 7 "Net-(C2-Pad1)"))
    (pad 1 smd rect (at -3 0 90) (size 2 1.6) (layers F.Cu F.Paste F.Mask)
      (net 10 "Net-(C2-Pad2)"))
    (model ${KISYS3DMOD}/Capacitor_SMD.3dshapes/C_Trimmer_Murata_TZB4-B.wrl
      (at (xyz 0 0 0))
      (scale (xyz 1 1 1))
      (rotate (xyz 0 0 0))
    )
  )

  (module Capacitor_SMD:C_Trimmer_Murata_TZB4-B (layer F.Cu) (tedit 590DA842) (tstamp 5D08EBDA)
    (at -5.5 2 90)
    (descr "trimmer capacitor SMD horizontal, http://www.murata.com/~/media/webrenewal/support/library/catalog/products/capacitor/trimmer/t13e.ashx?la=en-gb")
    (tags " Murata TZB4 TZB4-A")
    (path /5DB9CE54)
    (attr smd)
    (fp_text reference C8 (at 0 -3.25 90) (layer F.SilkS)
      (effects (font (size 1 1) (thickness 0.15)))
    )
    (fp_text value C_Variable (at 0 3.25 90) (layer F.Fab)
      (effects (font (size 1 1) (thickness 0.15)))
    )
    (fp_circle (center 0 0) (end 2 0) (layer F.Fab) (width 0.1))
    (fp_line (start -2.25 -2) (end -2.24 -2) (layer F.Fab) (width 0.1))
    (fp_line (start -2.24 -2) (end 2.24 -2) (layer F.Fab) (width 0.1))
    (fp_line (start 2.24 -2) (end 2.25 -2) (layer F.Fab) (width 0.1))
    (fp_line (start 2.25 -2) (end 2.25 -1.99) (layer F.Fab) (width 0.1))
    (fp_line (start 2.25 -1.99) (end 2.25 1.99) (layer F.Fab) (width 0.1))
    (fp_line (start 2.25 1.99) (end 2.25 2) (layer F.Fab) (width 0.1))
    (fp_line (start 2.25 2) (end 2.24 2) (layer F.Fab) (width 0.1))
    (fp_line (start 2.24 2) (end -2.24 2) (layer F.Fab) (width 0.1))
    (fp_line (start -2.24 2) (end -2.25 2) (layer F.Fab) (width 0.1))
    (fp_line (start -2.25 2) (end -2.25 1.99) (layer F.Fab) (width 0.1))
    (fp_line (start -2.25 1.99) (end -2.25 -1.99) (layer F.Fab) (width 0.1))
    (fp_line (start -2.25 -1.99) (end -2.25 -2) (layer F.Fab) (width 0.1))
    (fp_line (start 2.25 -0.6) (end 3.5 -0.6) (layer F.Fab) (width 0.1))
    (fp_line (start 3.5 -0.6) (end 3.5 0.6) (layer F.Fab) (width 0.1))
    (fp_line (start 3.5 0.6) (end 2.25 0.6) (layer F.Fab) (width 0.1))
    (fp_line (start -2.25 -0.6) (end -3.5 -0.6) (layer F.Fab) (width 0.1))
    (fp_line (start -3.5 -0.6) (end -3.5 0.6) (layer F.Fab) (width 0.1))
    (fp_line (start -3.5 0.6) (end -2.25 0.6) (layer F.Fab) (width 0.1))
    (fp_line (start -2.45 -2.2) (end -1.95 -2.2) (layer F.SilkS) (width 0.12))
    (fp_line (start -2.45 -2.2) (end -2.45 -1.7) (layer F.SilkS) (width 0.12))
    (fp_line (start -2.45 2.2) (end -1.95 2.2) (layer F.SilkS) (width 0.12))
    (fp_line (start -2.45 2.2) (end -2.45 1.7) (layer F.SilkS) (width 0.12))
    (fp_line (start 2.45 -2.2) (end 1.95 -2.2) (layer F.SilkS) (width 0.12))
    (fp_line (start 2.45 -2.2) (end 2.45 -1.7) (layer F.SilkS) (width 0.12))
    (fp_line (start 2.45 2.2) (end 1.95 2.2) (layer F.SilkS) (width 0.12))
    (fp_line (start 2.45 2.2) (end 2.45 1.7) (layer F.SilkS) (width 0.12))
    (fp_line (start -4.25 -2.25) (end -4.25 2.25) (layer F.CrtYd) (width 0.05))
    (fp_line (start -4.25 2.25) (end 4.25 2.25) (layer F.CrtYd) (width 0.05))
    (fp_line (start 4.25 2.25) (end 4.25 -2.25) (layer F.CrtYd) (width 0.05))
    (fp_line (start 4.25 -2.25) (end -4.25 -2.25) (layer F.CrtYd) (width 0.05))
    (fp_text user %R (at 0 0 270) (layer F.Fab)
      (effects (font (size 0.5 0.5) (thickness 0.05)))
    )
    (pad 1 smd rect (at -3 0 90) (size 2 1.6) (layers F.Cu F.Paste F.Mask)
      (net 9 "Net-(C10-Pad2)"))
    (pad 2 smd rect (at 3 0 90) (size 2 1.6) (layers F.Cu F.Paste F.Mask)
      (net 6 "Net-(C10-Pad1)"))
    (model ${KISYS3DMOD}/Capacitor_SMD.3dshapes/C_Trimmer_Murata_TZB4-B.wrl
      (at (xyz 0 0 0))
      (scale (xyz 1 1 1))
      (rotate (xyz 0 0 0))
    )
  )

  (module Inductor_SMD:L_1812_4532Metric (layer B.Cu) (tedit 5B301BBE) (tstamp 5D08EBB4)
    (at -1.5 3.517884)
    (descr "Inductor SMD 1812 (4532 Metric), square (rectangular) end terminal, IPC_7351 nominal, (Body size source: https://www.nikhef.nl/pub/departments/mt/projects/detectorR_D/dtddice/ERJ2G.pdf), generated with kicad-footprint-generator")
    (tags inductor)
    (path /5DB9CE97)
    (attr smd)
    (fp_text reference L1 (at 0 2.65) (layer B.SilkS)
      (effects (font (size 1 1) (thickness 0.15)) (justify mirror))
    )
    (fp_text value L_Core_Ferrite (at 0 -2.65) (layer B.Fab)
